I354-D1	10.6703	0.760968	7.33732e+7
I362-D1	11.1897	0.672956	2.94851e+7
V364-G2	15.6482	0.672599	1.14376e+7
V364-G1	19.7404	0.644572	3.05614e+7
L367-D2	21.119	0.752	863352
L367-D1	20.6312	0.853562	1.20755e+7
T368-G2	19.4703	1.45403	3.49089e+7
L369-D2	20.5491	0.662351	1.93679e+7
L369-D1	22.8866	0.646866	2.00023e+7
I373-D1	10.3448	0.868158	3.20313e+6
L374-D2	21.461	0.78	7.88801e+6
L374-D1	21.7541	0.853128	2.50547e+7
A375-B	15.1712	1.41183	3.32716e+7
L377-D2	19.2684	0.474687	2.04029e+7
L377-D1	23.135	0.239	-114042
L379-D1	20.8594	0.812618	2.38577e+7
L379-D2	21.0085	0.847489	1.71181e+7
V387-G2	15.8252	0.644194	1.17871e+7
V387-G1	19.4236	0.671859	3.40359e+7
V391-G2	18.4748	0.483522	3.58672e+7
V391-G1	18.3268	0.511284	3.66869e+7
L392-D1	20.965	0.847923	1.43958e+7
L392-D2	21.627	0.844	1.65795e+6
I393-D1	10.337	0.412727	7.20913e+7
V396-G2	18.4735	0.482456	3.58672e+7
V396-G1	17.8021	0.691885	3.9032e+7
I397-D1	9.37438	0.752516	2.93212e+7
L398-D2	21.125	0.687	1.95862e+7
L398-D1	19.8861	0.548123	3.55622e+7
A402-B	17.5203	1.13254	3.77942e+7
A405-B	18.1997	1.44879	4.15789e+7
L407-D1	21.9423	0.626996	3.30146e+7
L407-D2	21.8522	0.699625	3.19498e+7
V412-G1	18.7024	0.65441	2.86523e+7
V412-G2	19.097	0.770025	3.04828e+7
I413-D1	11.2511	0.578719	4.58499e+7
L414-D1	22.7401	0.714792	3.08817e+7
L414-D2	19.8195	0.588552	2.2271e+7
A415-B	19.0793	1.13878	2.86742e+7
I416-D1	11.8479	0.710556	5.42798e+7
V421-G1	19.3825	0.696856	5.25679e+7
V421-G2	18.0725	0.641854	1.62171e+7
A424-B	15.5812	1.25906	3.87273e+7
V427-G2	19.0245	0.816833	4.014e+7
V427-G1	16.9961	0.51429	1.46769e+7
A430-B	15.8086	1.42352	3.77752e+7
V431-G1	19.1515	0.800797	2.75613e+7
V431-G2	20.9831	0.905616	2.24606e+7
T433-G2	18.5416	1.19906	5.01381e+7
L437-D1	22.5987	0.572542	3.07924e+7
L437-D2	22.5734	0.628449	3.83693e+7
A438-B	15.4486	1.11989	3.84816e+7
V439-G2	19.8584	0.685898	3.72919e+7
V439-G1	18.8849	0.65757	3.84276e+7
I441-D1	12.7192	0.594596	6.5284e+7
T447-G2	18.0516	0.995829	5.04447e+7
L448-D2	22.5568	0.683349	3.59852e+7
L448-D1	21.4628	0.762033	4.0595e+7
T449-G2	17.7327	0.521806	5.51823e+7
L450-D1	22.1142	0.582568	3.42409e+7
L450-D2	20.2353	0.804943	3.70117e+7
V452-G1	18.4167	0.614916	3.853e+7
V452-G2	18.6283	0.608597	4.60405e+7
T453-G2	18.1042	1.33122	5.60653e+7
V456-G2	18.0372	0.867671	4.19536e+7
V456-G1	18.4998	0.837681	4.7481e+7
T457-G2	17.7732	0.860888	4.37916e+7
L459-D2	21.583	0.787627	4.0757e+7
L459-D1	20.2185	0.748703	3.72814e+7