2.50000000e+01	1.43286085e+01
5.00000000e+01	1.42080292e+01
5.00000000e+01	1.44411094e+01
7.50000000e+01	1.38870502e+01
1.00000000e+02	1.31584652e+01
1.25000000e+02	1.28683972e+01
1.50000000e+02	1.35249298e+01
1.50000000e+02	1.35951190e+01
1.75000000e+02	1.37651155e+01
2.00000000e+02	1.25160702e+01
2.50000000e+02	1.23436840e+01
2.50000000e+02	1.24145947e+01
3.00000000e+02	1.25952401e+01
3.50000000e+02	1.33469940e+01
4.00000000e+02	1.43675091e+01
4.50000000e+02	1.38334446e+01
5.00000000e+02	1.34321354e+01
5.50000000e+02	1.37249570e+01
6.00000000e+02	1.41620125e+01
6.50000000e+02	1.39882299e+01
7.00000000e+02	1.38026462e+01
7.50000000e+02	1.38553854e+01
2.50000000e+01	1.25858445e+01
5.00000000e+01	1.24560751e+01
5.00000000e+01	1.24560751e+01
7.50000000e+01	1.23434955e+01
1.00000000e+02	1.22537911e+01
1.25000000e+02	1.21872625e+01
1.50000000e+02	1.21391203e+01
1.50000000e+02	1.21391203e+01
1.75000000e+02	1.21042181e+01
2.00000000e+02	1.20785703e+01
2.50000000e+02	1.20447691e+01
2.50000000e+02	1.20447691e+01
3.00000000e+02	1.20244920e+01
3.50000000e+02	1.20115294e+01
4.00000000e+02	1.20027973e+01
4.50000000e+02	1.19966586e+01
5.00000000e+02	1.19921892e+01
5.50000000e+02	1.19888393e+01
6.00000000e+02	1.19862664e+01
6.50000000e+02	1.19842490e+01
7.00000000e+02	1.19826388e+01
7.50000000e+02	1.19813336e+01
2.50000000e+01	1.26779409e+01
5.00000000e+01	1.29367382e+01
5.00000000e+01	1.29611587e+01
7.50000000e+01	1.26229378e+01
1.00000000e+02	1.23629085e+01
1.25000000e+02	1.22643770e+01
1.50000000e+02	1.20445897e+01
1.50000000e+02	1.22561277e+01
1.75000000e+02	1.21020639e+01
2.00000000e+02	1.19306290e+01
2.50000000e+02	1.19001573e+01
2.50000000e+02	1.19131472e+01
3.00000000e+02	1.19904164e+01
3.50000000e+02	1.21834630e+01
4.00000000e+02	1.17666429e+01
4.50000000e+02	1.20691770e+01
5.00000000e+02	1.18723544e+01
5.50000000e+02	1.20692564e+01
6.00000000e+02	1.18317659e+01
6.50000000e+02	1.16997900e+01
7.00000000e+02	1.17396646e+01
7.50000000e+02	1.16595782e+01
2.50000000e+01	1.41435447e+01
5.00000000e+01	1.39751618e+01
5.00000000e+01	1.39751618e+01
7.50000000e+01	1.38287865e+01
1.00000000e+02	1.37119464e+01
1.25000000e+02	1.36252089e+01
1.50000000e+02	1.35624088e+01
1.50000000e+02	1.35624088e+01
1.75000000e+02	1.35168651e+01
2.00000000e+02	1.34833902e+01
2.50000000e+02	1.34392651e+01
2.50000000e+02	1.34392651e+01
3.00000000e+02	1.34127904e+01
3.50000000e+02	1.33958642e+01
4.00000000e+02	1.33844614e+01
4.50000000e+02	1.33764448e+01
5.00000000e+02	1.33706080e+01
5.50000000e+02	1.33662331e+01
6.00000000e+02	1.33628730e+01
6.50000000e+02	1.33602383e+01
7.00000000e+02	1.33581353e+01
7.50000000e+02	1.33564306e+01
