2.50000000e+01	1.98058869e+01
5.00000000e+01	1.99949265e+01
5.00000000e+01	2.01676589e+01
7.50000000e+01	1.99892412e+01
1.00000000e+02	1.97666173e+01
1.25000000e+02	1.95630790e+01
1.50000000e+02	1.96131079e+01
1.50000000e+02	1.96327254e+01
1.75000000e+02	1.94139275e+01
2.00000000e+02	1.91575543e+01
2.50000000e+02	1.88598391e+01
2.50000000e+02	1.90465712e+01
3.00000000e+02	1.89278034e+01
3.50000000e+02	1.88459310e+01
4.00000000e+02	1.89000723e+01
4.50000000e+02	1.89692527e+01
5.00000000e+02	1.87275358e+01
5.50000000e+02	1.85660883e+01
6.00000000e+02	1.86506111e+01
6.50000000e+02	1.89861485e+01
7.00000000e+02	1.87527056e+01
7.50000000e+02	1.87009073e+01
2.50000000e+01	2.00720595e+01
5.00000000e+01	1.98317257e+01
5.00000000e+01	1.98317257e+01
7.50000000e+01	1.96219958e+01
1.00000000e+02	1.94540258e+01
1.25000000e+02	1.93291049e+01
1.50000000e+02	1.92385682e+01
1.50000000e+02	1.92385682e+01
1.75000000e+02	1.91728695e+01
2.00000000e+02	1.91245615e+01
2.50000000e+02	1.90608610e+01
2.50000000e+02	1.90608610e+01
3.00000000e+02	1.90226296e+01
3.50000000e+02	1.89981825e+01
4.00000000e+02	1.89817111e+01
4.50000000e+02	1.89701301e+01
5.00000000e+02	1.89616977e+01
5.50000000e+02	1.89553770e+01
6.00000000e+02	1.89505223e+01
6.50000000e+02	1.89467156e+01
7.00000000e+02	1.89436770e+01
7.50000000e+02	1.89412140e+01
2.50000000e+01	1.94423447e+01
5.00000000e+01	1.93498493e+01
5.00000000e+01	1.94979074e+01
7.50000000e+01	1.95807713e+01
1.00000000e+02	1.94121709e+01
1.25000000e+02	1.96568204e+01
1.50000000e+02	1.95806883e+01
1.50000000e+02	1.96002394e+01
1.75000000e+02	1.92945460e+01
2.00000000e+02	1.93906111e+01
2.50000000e+02	1.90452751e+01
2.50000000e+02	1.92600981e+01
3.00000000e+02	1.93303149e+01
3.50000000e+02	1.91605878e+01
4.00000000e+02	1.88338126e+01
4.50000000e+02	1.89028002e+01
5.00000000e+02	1.91112251e+01
5.50000000e+02	1.86903854e+01
6.00000000e+02	1.89405740e+01
6.50000000e+02	1.88328461e+01
7.00000000e+02	1.88383101e+01
7.50000000e+02	1.89060581e+01
2.50000000e+01	2.03408942e+01
5.00000000e+01	2.00308676e+01
5.00000000e+01	2.00308676e+01
7.50000000e+01	1.97592816e+01
1.00000000e+02	1.95410374e+01
1.25000000e+02	1.93784283e+01
1.50000000e+02	1.92604566e+01
1.50000000e+02	1.92604566e+01
1.75000000e+02	1.91747966e+01
2.00000000e+02	1.91117858e+01
2.50000000e+02	1.90286675e+01
2.50000000e+02	1.90286675e+01
3.00000000e+02	1.89787665e+01
3.50000000e+02	1.89468514e+01
4.00000000e+02	1.89253460e+01
4.50000000e+02	1.89102244e+01
5.00000000e+02	1.88992133e+01
5.50000000e+02	1.88909594e+01
6.00000000e+02	1.88846197e+01
6.50000000e+02	1.88796484e+01
7.00000000e+02	1.88756802e+01
7.50000000e+02	1.88724635e+01
