2.50000000e+01	1.35508003e+01
5.00000000e+01	1.33789859e+01
5.00000000e+01	1.35674274e+01
7.50000000e+01	1.37924246e+01
1.00000000e+02	1.34132852e+01
1.25000000e+02	1.37880783e+01
1.50000000e+02	1.27965193e+01
1.50000000e+02	1.28380011e+01
1.75000000e+02	1.22746429e+01
2.00000000e+02	1.22762002e+01
2.50000000e+02	1.21540363e+01
2.50000000e+02	1.21709785e+01
3.00000000e+02	1.24069330e+01
3.50000000e+02	1.25033247e+01
4.00000000e+02	1.22850860e+01
4.50000000e+02	1.18669882e+01
5.00000000e+02	1.19380227e+01
5.50000000e+02	1.20873224e+01
6.00000000e+02	1.21362348e+01
6.50000000e+02	1.19021456e+01
7.00000000e+02	1.18057613e+01
7.50000000e+02	1.18947658e+01
2.50000000e+01	1.38483811e+01
5.00000000e+01	1.35248292e+01
5.00000000e+01	1.35248292e+01
7.50000000e+01	1.32411810e+01
1.00000000e+02	1.30130970e+01
1.25000000e+02	1.28430970e+01
1.50000000e+02	1.27197399e+01
1.50000000e+02	1.27197399e+01
1.75000000e+02	1.26301593e+01
2.00000000e+02	1.25642595e+01
2.50000000e+02	1.24773245e+01
2.50000000e+02	1.24773245e+01
3.00000000e+02	1.24251289e+01
3.50000000e+02	1.23917452e+01
4.00000000e+02	1.23692496e+01
4.50000000e+02	1.23534316e+01
5.00000000e+02	1.23419133e+01
5.50000000e+02	1.23332791e+01
6.00000000e+02	1.23266473e+01
6.50000000e+02	1.23214468e+01
7.00000000e+02	1.23172957e+01
7.50000000e+02	1.23139308e+01
2.50000000e+01	1.34087134e+01
5.00000000e+01	1.32710045e+01
5.00000000e+01	1.34505901e+01
7.50000000e+01	1.32845173e+01
1.00000000e+02	1.31968272e+01
1.25000000e+02	1.27749725e+01
1.50000000e+02	1.28228589e+01
1.50000000e+02	1.29152179e+01
1.75000000e+02	1.25391486e+01
2.00000000e+02	1.29334996e+01
2.50000000e+02	1.28429468e+01
2.50000000e+02	1.28972856e+01
3.00000000e+02	1.24870563e+01
3.50000000e+02	1.25451699e+01
4.00000000e+02	1.22663734e+01
4.50000000e+02	1.25336128e+01
5.00000000e+02	1.21622698e+01
5.50000000e+02	1.23933247e+01
6.00000000e+02	1.21710792e+01
6.50000000e+02	1.20615469e+01
7.00000000e+02	1.20173241e+01
7.50000000e+02	1.20789811e+01
2.50000000e+01	1.40860678e+01
5.00000000e+01	1.36706074e+01
5.00000000e+01	1.36706074e+01
7.50000000e+01	1.33044787e+01
1.00000000e+02	1.30087012e+01
1.25000000e+02	1.27876885e+01
1.50000000e+02	1.26270902e+01
1.50000000e+02	1.26270902e+01
1.75000000e+02	1.25103668e+01
2.00000000e+02	1.24244522e+01
2.50000000e+02	1.23110576e+01
2.50000000e+02	1.23110576e+01
3.00000000e+02	1.22429468e+01
3.50000000e+02	1.21993730e+01
4.00000000e+02	1.21700062e+01
4.50000000e+02	1.21493543e+01
5.00000000e+02	1.21343150e+01
5.50000000e+02	1.21230408e+01
6.00000000e+02	1.21143808e+01
6.50000000e+02	1.21075898e+01
7.00000000e+02	1.21021689e+01
7.50000000e+02	1.20977746e+01
