2.50000000e+01	1.16674498e+01
5.00000000e+01	1.13220849e+01
5.00000000e+01	1.14833828e+01
7.50000000e+01	1.13682010e+01
1.00000000e+02	1.10058736e+01
1.25000000e+02	1.17120507e+01
1.50000000e+02	1.10216895e+01
1.50000000e+02	1.10491835e+01
1.75000000e+02	1.07238925e+01
2.00000000e+02	1.11296583e+01
2.50000000e+02	1.02332609e+01
2.50000000e+02	1.03199317e+01
3.00000000e+02	9.89568528e+00
3.50000000e+02	1.00240271e+01
4.00000000e+02	1.01799680e+01
4.50000000e+02	9.99041495e+00
5.00000000e+02	9.79399951e+00
5.50000000e+02	9.80908616e+00
6.00000000e+02	1.00442635e+01
6.50000000e+02	1.01503812e+01
7.00000000e+02	9.96792503e+00
7.50000000e+02	9.91973986e+00
2.50000000e+01	1.12244325e+01
5.00000000e+01	1.09314964e+01
5.00000000e+01	1.09314964e+01
7.50000000e+01	1.06751248e+01
1.00000000e+02	1.04692822e+01
1.25000000e+02	1.03159845e+01
1.50000000e+02	1.02047972e+01
1.50000000e+02	1.02047972e+01
1.75000000e+02	1.01240761e+01
2.00000000e+02	1.00647044e+01
2.50000000e+02	9.98639375e+00
2.50000000e+02	9.98639375e+00
3.00000000e+02	9.93938269e+00
3.50000000e+02	9.90931739e+00
4.00000000e+02	9.88905893e+00
4.50000000e+02	9.87481444e+00
5.00000000e+02	9.86444223e+00
5.50000000e+02	9.85666730e+00
6.00000000e+02	9.85069551e+00
6.50000000e+02	9.84601272e+00
7.00000000e+02	9.84227485e+00
7.50000000e+02	9.83924487e+00
2.50000000e+01	1.07653817e+01
5.00000000e+01	1.06142860e+01
5.00000000e+01	1.06939433e+01
7.50000000e+01	1.06383068e+01
1.00000000e+02	1.08424739e+01
1.25000000e+02	1.06811213e+01
1.50000000e+02	1.02286562e+01
1.50000000e+02	1.02293270e+01
1.75000000e+02	1.09349794e+01
2.00000000e+02	1.01814272e+01
2.50000000e+02	9.60918029e+00
2.50000000e+02	9.77649105e+00
3.00000000e+02	9.83467038e+00
3.50000000e+02	9.78820778e+00
4.00000000e+02	9.82362052e+00
4.50000000e+02	9.89980588e+00
5.00000000e+02	9.83984780e+00
5.50000000e+02	1.00096494e+01
6.00000000e+02	9.94761078e+00
6.50000000e+02	9.84203967e+00
7.00000000e+02	9.70546797e+00
7.50000000e+02	9.92261176e+00
2.50000000e+01	1.19392307e+01
5.00000000e+01	1.15624379e+01
5.00000000e+01	1.15624379e+01
7.50000000e+01	1.12311212e+01
1.00000000e+02	1.09639935e+01
1.25000000e+02	1.07646026e+01
1.50000000e+02	1.06198014e+01
1.50000000e+02	1.06198014e+01
1.75000000e+02	1.05145970e+01
2.00000000e+02	1.04371790e+01
2.50000000e+02	1.03350200e+01
2.50000000e+02	1.03350200e+01
3.00000000e+02	1.02736690e+01
3.50000000e+02	1.02344239e+01
4.00000000e+02	1.02079762e+01
4.50000000e+02	1.01893780e+01
5.00000000e+02	1.01758347e+01
5.50000000e+02	1.01656822e+01
6.00000000e+02	1.01578840e+01
6.50000000e+02	1.01517688e+01
7.00000000e+02	1.01468875e+01
7.50000000e+02	1.01429306e+01
