2.50000000e+01	2.14333186e+01
5.00000000e+01	1.99265321e+01
5.00000000e+01	2.00023895e+01
7.50000000e+01	2.01005497e+01
1.00000000e+02	1.77096047e+01
1.25000000e+02	1.74753535e+01
1.50000000e+02	1.69046581e+01
1.50000000e+02	1.69767548e+01
1.75000000e+02	1.65183632e+01
2.00000000e+02	1.55581266e+01
2.50000000e+02	1.57462893e+01
2.50000000e+02	1.58286185e+01
3.00000000e+02	1.58169837e+01
3.50000000e+02	1.50090613e+01
4.00000000e+02	1.48986173e+01
4.50000000e+02	1.52289135e+01
5.00000000e+02	1.51168321e+01
5.50000000e+02	1.45631720e+01
6.00000000e+02	1.45233799e+01
6.50000000e+02	1.47376069e+01
7.00000000e+02	1.49976555e+01
7.50000000e+02	1.48321647e+01
2.50000000e+01	1.95544949e+01
5.00000000e+01	1.85146085e+01
5.00000000e+01	1.85146085e+01
7.50000000e+01	1.75598283e+01
1.00000000e+02	1.67583373e+01
1.25000000e+02	1.61468289e+01
1.50000000e+02	1.56973839e+01
1.50000000e+02	1.56973839e+01
1.75000000e+02	1.53684880e+01
2.00000000e+02	1.51253313e+01
2.50000000e+02	1.48031213e+01
2.50000000e+02	1.48031213e+01
3.00000000e+02	1.46089271e+01
3.50000000e+02	1.44844441e+01
4.00000000e+02	1.44004414e+01
4.50000000e+02	1.43413170e+01
5.00000000e+02	1.42982349e+01
5.50000000e+02	1.42659241e+01
6.00000000e+02	1.42410971e+01
6.50000000e+02	1.42216231e+01
7.00000000e+02	1.42060750e+01
7.50000000e+02	1.41934691e+01
2.50000000e+01	1.92636765e+01
5.00000000e+01	1.85104600e+01
5.00000000e+01	1.85635301e+01
7.50000000e+01	1.79773029e+01
1.00000000e+02	1.73700715e+01
1.25000000e+02	1.64863509e+01
1.50000000e+02	1.55715196e+01
1.50000000e+02	1.57688271e+01
1.75000000e+02	1.61404062e+01
2.00000000e+02	1.53532461e+01
2.50000000e+02	1.49935961e+01
2.50000000e+02	1.50668830e+01
3.00000000e+02	1.44206746e+01
3.50000000e+02	1.47088246e+01
4.00000000e+02	1.42884108e+01
4.50000000e+02	1.41617384e+01
5.00000000e+02	1.42098267e+01
5.50000000e+02	1.38675631e+01
6.00000000e+02	1.39595591e+01
6.50000000e+02	1.38290396e+01
7.00000000e+02	1.38326400e+01
7.50000000e+02	1.37650882e+01
2.50000000e+01	2.16136674e+01
5.00000000e+01	2.03417422e+01
5.00000000e+01	2.03417422e+01
7.50000000e+01	1.91520248e+01
1.00000000e+02	1.81342742e+01
1.25000000e+02	1.73497570e+01
1.50000000e+02	1.67699423e+01
1.50000000e+02	1.67699423e+01
1.75000000e+02	1.63442448e+01
2.00000000e+02	1.60288539e+01
2.50000000e+02	1.56101324e+01
2.50000000e+02	1.56101324e+01
3.00000000e+02	1.53573648e+01
3.50000000e+02	1.51951820e+01
4.00000000e+02	1.50856736e+01
4.50000000e+02	1.50085661e+01
5.00000000e+02	1.49523642e+01
5.50000000e+02	1.49102051e+01
6.00000000e+02	1.48778057e+01
6.50000000e+02	1.48523890e+01
7.00000000e+02	1.48320942e+01
7.50000000e+02	1.48156386e+01
