2.50000000e+01	2.00491333e+01
5.00000000e+01	1.93149075e+01
5.00000000e+01	1.95544251e+01
7.50000000e+01	1.84182769e+01
1.00000000e+02	1.77137812e+01
1.25000000e+02	1.74895751e+01
1.50000000e+02	1.70184312e+01
1.50000000e+02	1.70861991e+01
1.75000000e+02	1.82060211e+01
2.00000000e+02	1.68199329e+01
2.50000000e+02	1.63989593e+01
2.50000000e+02	1.65246872e+01
3.00000000e+02	1.58725996e+01
3.50000000e+02	1.61372901e+01
4.00000000e+02	1.61952268e+01
4.50000000e+02	1.58979141e+01
5.00000000e+02	1.56461418e+01
5.50000000e+02	1.57304807e+01
6.00000000e+02	1.59454001e+01
6.50000000e+02	1.59429168e+01
7.00000000e+02	1.56790149e+01
7.50000000e+02	1.53217209e+01
2.50000000e+01	1.88728981e+01
5.00000000e+01	1.81650913e+01
5.00000000e+01	1.81650913e+01
7.50000000e+01	1.75300839e+01
1.00000000e+02	1.70087051e+01
1.25000000e+02	1.66156677e+01
1.50000000e+02	1.63286819e+01
1.50000000e+02	1.63286819e+01
1.75000000e+02	1.61194915e+01
2.00000000e+02	1.59652252e+01
2.50000000e+02	1.57612689e+01
2.50000000e+02	1.57612689e+01
3.00000000e+02	1.56385835e+01
3.50000000e+02	1.55600285e+01
4.00000000e+02	1.55070569e+01
4.50000000e+02	1.54697916e+01
5.00000000e+02	1.54426468e+01
5.50000000e+02	1.54222939e+01
6.00000000e+02	1.54066581e+01
6.50000000e+02	1.53943954e+01
7.00000000e+02	1.53846059e+01
7.50000000e+02	1.53766696e+01
2.50000000e+01	1.84366836e+01
5.00000000e+01	1.81435199e+01
5.00000000e+01	1.81918715e+01
7.50000000e+01	1.75459279e+01
1.00000000e+02	1.69952553e+01
1.25000000e+02	1.69909889e+01
1.50000000e+02	1.63109722e+01
1.50000000e+02	1.64674759e+01
1.75000000e+02	1.73564437e+01
2.00000000e+02	1.61429449e+01
2.50000000e+02	1.59003116e+01
2.50000000e+02	1.59190005e+01
3.00000000e+02	1.63836341e+01
3.50000000e+02	1.56608985e+01
4.00000000e+02	1.55761415e+01
4.50000000e+02	1.53047699e+01
5.00000000e+02	1.54425595e+01
5.50000000e+02	1.49029602e+01
6.00000000e+02	1.50073337e+01
6.50000000e+02	1.49230359e+01
7.00000000e+02	1.48507773e+01
7.50000000e+02	1.48813706e+01
2.50000000e+01	2.03208941e+01
5.00000000e+01	1.94333894e+01
5.00000000e+01	1.94333894e+01
7.50000000e+01	1.86274747e+01
1.00000000e+02	1.79581686e+01
1.25000000e+02	1.74504772e+01
1.50000000e+02	1.70785134e+01
1.50000000e+02	1.70785134e+01
1.75000000e+02	1.68068299e+01
2.00000000e+02	1.66062151e+01
2.50000000e+02	1.63406680e+01
2.50000000e+02	1.63406680e+01
3.00000000e+02	1.61807732e+01
3.50000000e+02	1.60783327e+01
4.00000000e+02	1.60092285e+01
4.50000000e+02	1.59606017e+01
5.00000000e+02	1.59251747e+01
5.50000000e+02	1.58986083e+01
6.00000000e+02	1.58781971e+01
6.50000000e+02	1.58621879e+01
7.00000000e+02	1.58494068e+01
7.50000000e+02	1.58390448e+01
