2.50000000e+01	1.11590354e+01
5.00000000e+01	1.11306717e+01
5.00000000e+01	1.12558326e+01
7.50000000e+01	1.12810271e+01
1.00000000e+02	1.08396470e+01
1.25000000e+02	1.11957102e+01
1.50000000e+02	1.08472872e+01
1.50000000e+02	1.08800997e+01
1.75000000e+02	1.03751429e+01
2.00000000e+02	1.00993274e+01
2.50000000e+02	1.06088757e+01
2.50000000e+02	1.06212240e+01
3.00000000e+02	1.17582054e+01
3.50000000e+02	1.18645169e+01
4.00000000e+02	1.13297606e+01
4.50000000e+02	1.15518403e+01
5.00000000e+02	1.20279656e+01
5.50000000e+02	1.19799232e+01
6.00000000e+02	1.16130507e+01
6.50000000e+02	1.16351166e+01
7.00000000e+02	1.20415592e+01
7.50000000e+02	1.21632426e+01
2.50000000e+01	1.08404439e+01
5.00000000e+01	1.08404367e+01
5.00000000e+01	1.08404367e+01
7.50000000e+01	1.08404304e+01
1.00000000e+02	1.08404255e+01
1.25000000e+02	1.08404218e+01
1.50000000e+02	1.08404192e+01
1.50000000e+02	1.08404192e+01
1.75000000e+02	1.08404173e+01
2.00000000e+02	1.08404158e+01
2.50000000e+02	1.08404140e+01
2.50000000e+02	1.08404140e+01
3.00000000e+02	1.08404129e+01
3.50000000e+02	1.08404122e+01
4.00000000e+02	1.08404117e+01
4.50000000e+02	1.08404114e+01
5.00000000e+02	1.08404111e+01
5.50000000e+02	1.08404109e+01
6.00000000e+02	1.08404108e+01
6.50000000e+02	1.08404107e+01
7.00000000e+02	1.08404106e+01
7.50000000e+02	1.08404105e+01
2.50000000e+01	1.08593028e+01
5.00000000e+01	1.07083769e+01
5.00000000e+01	1.07689804e+01
7.50000000e+01	1.08256680e+01
1.00000000e+02	1.10046890e+01
1.25000000e+02	1.11166865e+01
1.50000000e+02	1.04413668e+01
1.50000000e+02	1.04983948e+01
1.75000000e+02	1.10926493e+01
2.00000000e+02	1.05233417e+01
2.50000000e+02	1.11290207e+01
2.50000000e+02	1.11739585e+01
3.00000000e+02	1.13032047e+01
3.50000000e+02	1.07323971e+01
4.00000000e+02	1.07231423e+01
4.50000000e+02	1.08466934e+01
5.00000000e+02	1.08767170e+01
5.50000000e+02	1.07687335e+01
6.00000000e+02	1.09281911e+01
6.50000000e+02	1.07670850e+01
7.00000000e+02	1.08406946e+01
7.50000000e+02	1.05814900e+01
2.50000000e+01	1.12781838e+01
5.00000000e+01	1.12781743e+01
5.00000000e+01	1.12781743e+01
7.50000000e+01	1.12781661e+01
1.00000000e+02	1.12781597e+01
1.25000000e+02	1.12781549e+01
1.50000000e+02	1.12781514e+01
1.50000000e+02	1.12781514e+01
1.75000000e+02	1.12781489e+01
2.00000000e+02	1.12781471e+01
2.50000000e+02	1.12781447e+01
2.50000000e+02	1.12781447e+01
3.00000000e+02	1.12781432e+01
3.50000000e+02	1.12781423e+01
4.00000000e+02	1.12781417e+01
4.50000000e+02	1.12781412e+01
5.00000000e+02	1.12781409e+01
5.50000000e+02	1.12781407e+01
6.00000000e+02	1.12781405e+01
6.50000000e+02	1.12781404e+01
7.00000000e+02	1.12781402e+01
7.50000000e+02	1.12781401e+01
