2.50000000e+01	3.53215551e+00
5.00000000e+01	3.62843908e+00
5.00000000e+01	3.85558540e+00
7.50000000e+01	3.60820670e+00
1.00000000e+02	3.86944201e+00
1.25000000e+02	9.66357959e+00
1.50000000e+02	5.07950453e+00
1.50000000e+02	5.08440073e+00
1.75000000e+02	3.61598577e+00
2.00000000e+02	5.20194615e+00
2.50000000e+02	3.88575946e+00
2.50000000e+02	3.88595431e+00
3.00000000e+02	2.47083590e+00
3.50000000e+02	2.82793962e+00
4.00000000e+02	2.46000838e+00
4.50000000e+02	3.02230092e+00
5.00000000e+02	4.85919511e+00
5.50000000e+02	5.57454049e+00
6.00000000e+02	5.03917291e+00
6.50000000e+02	5.65622064e+00
7.00000000e+02	4.97244620e+00
7.50000000e+02	5.59944524e+00
2.50000000e+01	4.91331705e+00
5.00000000e+01	4.91331705e+00
5.00000000e+01	4.91331705e+00
7.50000000e+01	4.91331705e+00
1.00000000e+02	4.91331705e+00
1.25000000e+02	4.91331705e+00
1.50000000e+02	4.91331705e+00
1.50000000e+02	4.91331705e+00
1.75000000e+02	4.91331705e+00
2.00000000e+02	4.91331705e+00
2.50000000e+02	4.91331705e+00
2.50000000e+02	4.91331705e+00
3.00000000e+02	4.91331705e+00
3.50000000e+02	4.91331705e+00
4.00000000e+02	4.91331705e+00
4.50000000e+02	4.91331705e+00
5.00000000e+02	4.91331705e+00
5.50000000e+02	4.91331705e+00
6.00000000e+02	4.91331705e+00
6.50000000e+02	4.91331705e+00
7.00000000e+02	4.91331705e+00
7.50000000e+02	4.91331705e+00
2.50000000e+01	4.38725584e+00
5.00000000e+01	3.61413916e+00
5.00000000e+01	3.70354293e+00
7.50000000e+01	3.32649175e+00
1.00000000e+02	3.85084931e+00
1.25000000e+02	4.83594568e+00
1.50000000e+02	3.89901324e+00
1.50000000e+02	3.92309821e+00
1.75000000e+02	7.86721143e+00
2.00000000e+02	3.40766292e+00
2.50000000e+02	4.55367907e+00
2.50000000e+02	4.57469017e+00
3.00000000e+02	3.38920311e+00
3.50000000e+02	4.36972612e+00
4.00000000e+02	7.73751561e+00
4.50000000e+02	5.53769336e+00
5.00000000e+02	7.18627484e+00
5.50000000e+02	5.73233775e+00
6.00000000e+02	5.97481959e+00
6.50000000e+02	6.50613491e+00
7.00000000e+02	5.04535959e+00
7.50000000e+02	5.48127799e+00
2.50000000e+01	4.38282683e+00
5.00000000e+01	4.38282682e+00
5.00000000e+01	4.38282682e+00
7.50000000e+01	4.38282682e+00
1.00000000e+02	4.38282682e+00
1.25000000e+02	4.38282682e+00
1.50000000e+02	4.38282682e+00
1.50000000e+02	4.38282682e+00
1.75000000e+02	4.38282682e+00
2.00000000e+02	4.38282682e+00
2.50000000e+02	4.38282682e+00
2.50000000e+02	4.38282682e+00
3.00000000e+02	4.38282682e+00
3.50000000e+02	4.38282682e+00
4.00000000e+02	4.38282682e+00
4.50000000e+02	4.38282682e+00
5.00000000e+02	4.38282682e+00
5.50000000e+02	4.38282682e+00
6.00000000e+02	4.38282682e+00
6.50000000e+02	4.38282682e+00
7.00000000e+02	4.38282682e+00
7.50000000e+02	4.38282682e+00
