2.50000000e+01	6.42168971e+01
5.00000000e+01	6.09492508e+01
5.00000000e+01	6.12749120e+01
7.50000000e+01	5.08694185e+01
1.00000000e+02	4.10976036e+01
1.25000000e+02	3.42077916e+01
1.50000000e+02	3.14642793e+01
1.50000000e+02	3.14805800e+01
1.75000000e+02	5.07820944e+01
2.00000000e+02	2.65676846e+01
2.50000000e+02	3.11815873e+01
2.50000000e+02	3.12196649e+01
3.00000000e+02	2.45393016e+01
3.50000000e+02	3.50827443e+01
4.00000000e+02	2.99340502e+01
4.50000000e+02	2.08963533e+01
5.00000000e+02	2.06580271e+01
5.50000000e+02	2.19998313e+01
6.00000000e+02	2.42282878e+01
6.50000000e+02	2.47523265e+01
7.00000000e+02	2.35610622e+01
7.50000000e+02	2.53615874e+01
2.50000000e+01	4.56430102e+01
5.00000000e+01	4.37123285e+01
5.00000000e+01	4.37123285e+01
7.50000000e+01	4.16471211e+01
1.00000000e+02	3.87219549e+01
1.25000000e+02	3.55259535e+01
1.50000000e+02	3.27014467e+01
1.50000000e+02	3.27014467e+01
1.75000000e+02	3.04108296e+01
2.00000000e+02	2.86071077e+01
2.50000000e+02	2.60832895e+01
2.50000000e+02	2.60832895e+01
3.00000000e+02	2.44926486e+01
3.50000000e+02	2.34465818e+01
4.00000000e+02	2.27292568e+01
4.50000000e+02	2.22189190e+01
5.00000000e+02	2.18442331e+01
5.50000000e+02	2.15616746e+01
6.00000000e+02	2.13436611e+01
6.50000000e+02	2.11721079e+01
7.00000000e+02	2.10347947e+01
7.50000000e+02	2.09232414e+01
2.50000000e+01	4.73057081e+01
5.00000000e+01	4.17771900e+01
5.00000000e+01	4.19375352e+01
7.50000000e+01	4.13301946e+01
1.00000000e+02	4.22519709e+01
1.25000000e+02	3.58637671e+01
1.50000000e+02	4.03685415e+01
1.50000000e+02	4.08706079e+01
1.75000000e+02	2.66977759e+01
2.00000000e+02	3.52988822e+01
2.50000000e+02	2.30430984e+01
2.50000000e+02	2.31738539e+01
3.00000000e+02	2.63163157e+01
3.50000000e+02	2.74629120e+01
4.00000000e+02	2.05745453e+01
4.50000000e+02	2.17907702e+01
5.00000000e+02	1.89259563e+01
5.50000000e+02	2.09831294e+01
6.00000000e+02	2.12947879e+01
6.50000000e+02	2.12706977e+01
7.00000000e+02	2.02070984e+01
7.50000000e+02	2.02747163e+01
2.50000000e+01	5.04216383e+01
5.00000000e+01	4.87596013e+01
5.00000000e+01	4.87596013e+01
7.50000000e+01	4.70709352e+01
1.00000000e+02	4.44809845e+01
1.25000000e+02	4.11445541e+01
1.50000000e+02	3.79386790e+01
1.50000000e+02	3.79386790e+01
1.75000000e+02	3.52218386e+01
2.00000000e+02	3.30267932e+01
2.50000000e+02	2.98893502e+01
2.50000000e+02	2.98893502e+01
3.00000000e+02	2.78785141e+01
3.50000000e+02	2.65437050e+01
4.00000000e+02	2.56230881e+01
4.50000000e+02	2.49656131e+01
5.00000000e+02	2.44816123e+01
5.50000000e+02	2.41159105e+01
6.00000000e+02	2.38333370e+01
6.50000000e+02	2.36107341e+01
7.00000000e+02	2.34324042e+01
7.50000000e+02	2.32874274e+01
