2.50000000e+01	5.59519400e+01
5.00000000e+01	4.55468633e+01
5.00000000e+01	4.62815694e+01
7.50000000e+01	4.29473048e+01
1.00000000e+02	3.43405457e+01
1.25000000e+02	4.00376129e+01
1.50000000e+02	5.02646561e+01
1.50000000e+02	5.12037359e+01
1.75000000e+02	3.84341421e+01
2.00000000e+02	4.87091215e+01
2.50000000e+02	4.40285266e+01
2.50000000e+02	4.42225900e+01
3.00000000e+02	4.28087640e+01
3.50000000e+02	4.26732407e+01
4.00000000e+02	3.65996719e+01
4.50000000e+02	3.24749778e+01
5.00000000e+02	3.06376787e+01
5.50000000e+02	3.12786472e+01
6.00000000e+02	3.42409992e+01
6.50000000e+02	3.54941653e+01
7.00000000e+02	3.83775978e+01
7.50000000e+02	4.20959165e+01
2.50000000e+01	6.02377768e+01
5.00000000e+01	5.81665048e+01
5.00000000e+01	5.81665048e+01
7.50000000e+01	5.60326867e+01
1.00000000e+02	5.39621066e+01
1.25000000e+02	5.22506792e+01
1.50000000e+02	5.09382589e+01
1.50000000e+02	5.09382589e+01
1.75000000e+02	4.99537925e+01
2.00000000e+02	4.92144369e+01
2.50000000e+02	4.82209627e+01
2.50000000e+02	4.82209627e+01
3.00000000e+02	4.76151339e+01
3.50000000e+02	4.72241222e+01
4.00000000e+02	4.69591190e+01
4.50000000e+02	4.67720553e+01
5.00000000e+02	4.66354674e+01
5.50000000e+02	4.65328754e+01
6.00000000e+02	4.64539563e+01
6.50000000e+02	4.63919993e+01
7.00000000e+02	4.63424984e+01
7.50000000e+02	4.63023426e+01
2.50000000e+01	5.51539151e+01
5.00000000e+01	5.06507274e+01
5.00000000e+01	5.47300111e+01
7.50000000e+01	5.54899196e+01
1.00000000e+02	6.23330202e+01
1.25000000e+02	4.85165120e+01
1.50000000e+02	5.36457049e+01
1.50000000e+02	5.43487494e+01
1.75000000e+02	6.36849096e+01
2.00000000e+02	4.99041767e+01
2.50000000e+02	5.32720754e+01
2.50000000e+02	5.46023035e+01
3.00000000e+02	4.94753653e+01
3.50000000e+02	5.75991340e+01
4.00000000e+02	5.46646734e+01
4.50000000e+02	4.86883046e+01
5.00000000e+02	4.25509749e+01
5.50000000e+02	4.03310721e+01
6.00000000e+02	4.17989773e+01
6.50000000e+02	4.06865226e+01
7.00000000e+02	4.21317952e+01
7.50000000e+02	4.09263124e+01
2.50000000e+01	5.30190876e+01
5.00000000e+01	5.08188034e+01
5.00000000e+01	5.08188034e+01
7.50000000e+01	4.84745726e+01
1.00000000e+02	4.60364521e+01
1.25000000e+02	4.39380910e+01
1.50000000e+02	4.22949158e+01
1.50000000e+02	4.22949158e+01
1.75000000e+02	4.10476081e+01
2.00000000e+02	4.01038908e+01
2.50000000e+02	3.88275906e+01
2.50000000e+02	3.88275906e+01
3.00000000e+02	3.80451005e+01
3.50000000e+02	3.75385024e+01
4.00000000e+02	3.71944914e+01
4.50000000e+02	3.69513384e+01
5.00000000e+02	3.67736324e+01
5.50000000e+02	3.66400664e+01
6.00000000e+02	3.65372686e+01
6.50000000e+02	3.64565335e+01
7.00000000e+02	3.63920100e+01
7.50000000e+02	3.63396547e+01
