2.50000000e+01	2.33745828e+01
5.00000000e+01	2.36764865e+01
5.00000000e+01	2.37075191e+01
7.50000000e+01	2.32398280e+01
1.00000000e+02	2.38747548e+01
1.25000000e+02	2.38669928e+01
1.50000000e+02	2.61137432e+01
1.50000000e+02	2.62040424e+01
1.75000000e+02	2.32131165e+01
2.00000000e+02	2.29807451e+01
2.50000000e+02	2.35911799e+01
2.50000000e+02	2.36126901e+01
3.00000000e+02	2.33433065e+01
3.50000000e+02	2.39330816e+01
4.00000000e+02	2.26352675e+01
4.50000000e+02	2.46074130e+01
5.00000000e+02	2.90459242e+01
5.50000000e+02	2.66345006e+01
6.00000000e+02	2.76283915e+01
6.50000000e+02	2.83485484e+01
7.00000000e+02	2.61356596e+01
7.50000000e+02	2.49690874e+01
2.50000000e+01	2.31646829e+01
5.00000000e+01	2.31646818e+01
5.00000000e+01	2.31646818e+01
7.50000000e+01	2.31646809e+01
1.00000000e+02	2.31646802e+01
1.25000000e+02	2.31646796e+01
1.50000000e+02	2.31646792e+01
1.50000000e+02	2.31646792e+01
1.75000000e+02	2.31646790e+01
2.00000000e+02	2.31646787e+01
2.50000000e+02	2.31646785e+01
2.50000000e+02	2.31646785e+01
3.00000000e+02	2.31646783e+01
3.50000000e+02	2.31646782e+01
4.00000000e+02	2.31646781e+01
4.50000000e+02	2.31646781e+01
5.00000000e+02	2.31646781e+01
5.50000000e+02	2.31646780e+01
6.00000000e+02	2.31646780e+01
6.50000000e+02	2.31646780e+01
7.00000000e+02	2.31646780e+01
7.50000000e+02	2.31646780e+01
2.50000000e+01	2.15837093e+01
5.00000000e+01	2.30423409e+01
5.00000000e+01	2.30642082e+01
7.50000000e+01	2.16663847e+01
1.00000000e+02	2.21047892e+01
1.25000000e+02	2.36144076e+01
1.50000000e+02	2.15350903e+01
1.50000000e+02	2.15624023e+01
1.75000000e+02	2.23387268e+01
2.00000000e+02	2.55793419e+01
2.50000000e+02	2.17825735e+01
2.50000000e+02	2.18096202e+01
3.00000000e+02	2.17452384e+01
3.50000000e+02	2.12828424e+01
4.00000000e+02	2.24633356e+01
4.50000000e+02	2.71092701e+01
5.00000000e+02	2.39032421e+01
5.50000000e+02	2.64252582e+01
6.00000000e+02	2.59432548e+01
6.50000000e+02	2.44667516e+01
7.00000000e+02	2.42772861e+01
7.50000000e+02	2.36006825e+01
2.50000000e+01	2.46964972e+01
5.00000000e+01	2.46964958e+01
5.00000000e+01	2.46964958e+01
7.50000000e+01	2.46964946e+01
1.00000000e+02	2.46964936e+01
1.25000000e+02	2.46964929e+01
1.50000000e+02	2.46964924e+01
1.50000000e+02	2.46964924e+01
1.75000000e+02	2.46964921e+01
2.00000000e+02	2.46964918e+01
2.50000000e+02	2.46964914e+01
2.50000000e+02	2.46964914e+01
3.00000000e+02	2.46964912e+01
3.50000000e+02	2.46964911e+01
4.00000000e+02	2.46964910e+01
4.50000000e+02	2.46964909e+01
5.00000000e+02	2.46964909e+01
5.50000000e+02	2.46964908e+01
6.00000000e+02	2.46964908e+01
6.50000000e+02	2.46964908e+01
7.00000000e+02	2.46964908e+01
7.50000000e+02	2.46964908e+01
