2.50000000e+01	4.03099499e+01
5.00000000e+01	4.16332138e+01
5.00000000e+01	4.19580907e+01
7.50000000e+01	3.01117806e+01
1.00000000e+02	3.02026229e+01
1.25000000e+02	3.43509921e+01
1.50000000e+02	2.94395178e+01
1.50000000e+02	2.95809303e+01
1.75000000e+02	3.28835966e+01
2.00000000e+02	2.16703483e+01
2.50000000e+02	2.95848152e+01
2.50000000e+02	2.98057957e+01
3.00000000e+02	3.10449583e+01
3.50000000e+02	2.14534262e+01
4.00000000e+02	2.09873106e+01
4.50000000e+02	2.38637428e+01
5.00000000e+02	2.25754906e+01
5.50000000e+02	2.66783127e+01
6.00000000e+02	2.45337436e+01
6.50000000e+02	2.57431639e+01
7.00000000e+02	2.61392107e+01
7.50000000e+02	2.60535437e+01
2.50000000e+01	3.12025720e+01
5.00000000e+01	2.92298639e+01
5.00000000e+01	2.92298639e+01
7.50000000e+01	2.72328724e+01
1.00000000e+02	2.53489418e+01
1.25000000e+02	2.38163900e+01
1.50000000e+02	2.26508788e+01
1.50000000e+02	2.26508788e+01
1.75000000e+02	2.17807766e+01
2.00000000e+02	2.11292682e+01
2.50000000e+02	2.02561395e+01
2.50000000e+02	2.02561395e+01
3.00000000e+02	1.97248703e+01
3.50000000e+02	1.93824176e+01
4.00000000e+02	1.91505115e+01
4.50000000e+02	1.89868994e+01
5.00000000e+02	1.88674807e+01
5.50000000e+02	1.87778095e+01
6.00000000e+02	1.87088443e+01
6.50000000e+02	1.86547104e+01
7.00000000e+02	1.86114655e+01
7.50000000e+02	1.85763881e+01
2.50000000e+01	2.92960798e+01
5.00000000e+01	3.02026586e+01
5.00000000e+01	3.06247849e+01
7.50000000e+01	2.64426083e+01
1.00000000e+02	2.46506748e+01
1.25000000e+02	2.25961477e+01
1.50000000e+02	2.21973894e+01
1.50000000e+02	2.22018717e+01
1.75000000e+02	1.74055921e+01
2.00000000e+02	2.16660259e+01
2.50000000e+02	2.39019563e+01
2.50000000e+02	2.42817797e+01
3.00000000e+02	1.77433904e+01
3.50000000e+02	1.69597291e+01
4.00000000e+02	1.74096216e+01
4.50000000e+02	1.93084114e+01
5.00000000e+02	1.68158023e+01
5.50000000e+02	2.15171421e+01
6.00000000e+02	1.91061079e+01
6.50000000e+02	1.91150870e+01
7.00000000e+02	2.01589033e+01
7.50000000e+02	2.06063002e+01
2.50000000e+01	3.97848339e+01
5.00000000e+01	3.76380464e+01
5.00000000e+01	3.76380464e+01
7.50000000e+01	3.53886781e+01
1.00000000e+02	3.31359940e+01
1.25000000e+02	3.12399428e+01
1.50000000e+02	2.97721657e+01
1.50000000e+02	2.97721657e+01
1.75000000e+02	2.86652282e+01
2.00000000e+02	2.78310957e+01
2.50000000e+02	2.67069687e+01
2.50000000e+02	2.67069687e+01
3.00000000e+02	2.60197862e+01
3.50000000e+02	2.55756400e+01
4.00000000e+02	2.52743571e+01
4.50000000e+02	2.50615564e+01
5.00000000e+02	2.49061108e+01
5.50000000e+02	2.47893186e+01
6.00000000e+02	2.46994553e+01
6.50000000e+02	2.46288937e+01
7.00000000e+02	2.45725102e+01
7.50000000e+02	2.45267659e+01
