2.50000000e+01	6.48313381e+01
5.00000000e+01	5.85912383e+01
5.00000000e+01	5.87722144e+01
7.50000000e+01	4.66281170e+01
1.00000000e+02	3.91668991e+01
1.25000000e+02	4.03993041e+01
1.50000000e+02	3.29477828e+01
1.50000000e+02	3.29996935e+01
1.75000000e+02	4.43515434e+01
2.00000000e+02	3.16109039e+01
2.50000000e+02	2.97468839e+01
2.50000000e+02	2.97765318e+01
3.00000000e+02	2.75889703e+01
3.50000000e+02	3.17523986e+01
4.00000000e+02	3.01024787e+01
4.50000000e+02	2.36129870e+01
5.00000000e+02	2.33720745e+01
5.50000000e+02	2.36931915e+01
6.00000000e+02	2.48874390e+01
6.50000000e+02	2.53810800e+01
7.00000000e+02	2.39742020e+01
7.50000000e+02	2.41004774e+01
2.50000000e+01	4.70515860e+01
5.00000000e+01	4.50563227e+01
5.00000000e+01	4.50563227e+01
7.50000000e+01	4.28988417e+01
1.00000000e+02	3.99415692e+01
1.25000000e+02	3.68237453e+01
1.50000000e+02	3.41174974e+01
1.50000000e+02	3.41174974e+01
1.75000000e+02	3.19438153e+01
2.00000000e+02	3.02419123e+01
2.50000000e+02	2.78719270e+01
2.50000000e+02	2.78719270e+01
3.00000000e+02	2.63839337e+01
3.50000000e+02	2.54074675e+01
4.00000000e+02	2.47387602e+01
4.50000000e+02	2.42634316e+01
5.00000000e+02	2.39146649e+01
5.50000000e+02	2.36517708e+01
6.00000000e+02	2.34489981e+01
6.50000000e+02	2.32894791e+01
7.00000000e+02	2.31618243e+01
7.50000000e+02	2.30581344e+01
2.50000000e+01	4.56560777e+01
5.00000000e+01	4.31849956e+01
5.00000000e+01	4.32870651e+01
7.50000000e+01	4.02043603e+01
1.00000000e+02	3.98937398e+01
1.25000000e+02	3.52918381e+01
1.50000000e+02	3.90127018e+01
1.50000000e+02	3.90165966e+01
1.75000000e+02	2.95063994e+01
2.00000000e+02	3.53320925e+01
2.50000000e+02	2.55384447e+01
2.50000000e+02	2.56493838e+01
3.00000000e+02	2.70396289e+01
3.50000000e+02	2.74727686e+01
4.00000000e+02	2.34865741e+01
4.50000000e+02	2.54636417e+01
5.00000000e+02	2.32767612e+01
5.50000000e+02	2.36928205e+01
6.00000000e+02	2.39417783e+01
6.50000000e+02	2.30935037e+01
7.00000000e+02	2.22798703e+01
7.50000000e+02	2.23690740e+01
2.50000000e+01	5.07642995e+01
5.00000000e+01	4.90234211e+01
5.00000000e+01	4.90234211e+01
7.50000000e+01	4.72288652e+01
1.00000000e+02	4.45099345e+01
1.25000000e+02	4.11858438e+01
1.50000000e+02	3.80759806e+01
1.50000000e+02	3.80759806e+01
1.75000000e+02	3.54769441e+01
2.00000000e+02	3.33939561e+01
2.50000000e+02	3.04363849e+01
2.50000000e+02	3.04363849e+01
3.00000000e+02	2.85506599e+01
3.50000000e+02	2.73024998e+01
4.00000000e+02	2.64431693e+01
4.50000000e+02	2.58301821e+01
5.00000000e+02	2.53792996e+01
5.50000000e+02	2.50388231e+01
6.00000000e+02	2.47758577e+01
6.50000000e+02	2.45687720e+01
7.00000000e+02	2.44029176e+01
7.50000000e+02	2.42681119e+01
