2.50000000e+01	5.50323496e+01
5.00000000e+01	4.64528289e+01
5.00000000e+01	4.64671757e+01
7.50000000e+01	4.41392271e+01
1.00000000e+02	4.27989791e+01
1.25000000e+02	3.59470337e+01
1.50000000e+02	4.06400721e+01
1.50000000e+02	4.07532333e+01
1.75000000e+02	2.39954441e+01
2.00000000e+02	3.25131404e+01
2.50000000e+02	2.05258851e+01
2.50000000e+02	2.06151929e+01
3.00000000e+02	2.43126615e+01
3.50000000e+02	2.45545797e+01
4.00000000e+02	1.91179427e+01
4.50000000e+02	1.71779483e+01
5.00000000e+02	1.78602182e+01
5.50000000e+02	1.97000087e+01
6.00000000e+02	1.96109661e+01
6.50000000e+02	1.83022160e+01
7.00000000e+02	1.84576612e+01
7.50000000e+02	1.75776807e+01
2.50000000e+01	4.23219056e+01
5.00000000e+01	4.04993364e+01
5.00000000e+01	4.04993364e+01
7.50000000e+01	3.85898073e+01
1.00000000e+02	3.57631151e+01
1.25000000e+02	3.24768043e+01
1.50000000e+02	2.94798328e+01
1.50000000e+02	2.94798328e+01
1.75000000e+02	2.70085422e+01
2.00000000e+02	2.50433945e+01
2.50000000e+02	2.22711729e+01
2.50000000e+02	2.22711729e+01
3.00000000e+02	2.05126284e+01
3.50000000e+02	1.93519500e+01
4.00000000e+02	1.85542479e+01
4.50000000e+02	1.79858824e+01
5.00000000e+02	1.75681598e+01
5.50000000e+02	1.72529088e+01
6.00000000e+02	1.70095333e+01
6.50000000e+02	1.68179397e+01
7.00000000e+02	1.66645335e+01
7.50000000e+02	1.65398723e+01
2.50000000e+01	3.94352795e+01
5.00000000e+01	3.71514894e+01
5.00000000e+01	3.73173479e+01
7.50000000e+01	3.65186787e+01
1.00000000e+02	2.96537652e+01
1.25000000e+02	2.90733795e+01
1.50000000e+02	2.58207491e+01
1.50000000e+02	2.59277774e+01
1.75000000e+02	3.00010479e+01
2.00000000e+02	2.58720867e+01
2.50000000e+02	2.21247220e+01
2.50000000e+02	2.22196403e+01
3.00000000e+02	2.19886855e+01
3.50000000e+02	1.86911433e+01
4.00000000e+02	1.98836094e+01
4.50000000e+02	1.81512696e+01
5.00000000e+02	1.87428033e+01
5.50000000e+02	1.83249138e+01
6.00000000e+02	1.85847848e+01
6.50000000e+02	1.70271335e+01
7.00000000e+02	1.66440599e+01
7.50000000e+02	1.66131843e+01
2.50000000e+01	4.57851163e+01
5.00000000e+01	4.42462740e+01
5.00000000e+01	4.42462740e+01
7.50000000e+01	4.27076868e+01
1.00000000e+02	4.03652254e+01
1.25000000e+02	3.70596580e+01
1.50000000e+02	3.37305144e+01
1.50000000e+02	3.37305144e+01
1.75000000e+02	3.08399028e+01
2.00000000e+02	2.84716697e+01
2.50000000e+02	2.50479189e+01
2.50000000e+02	2.50479189e+01
3.00000000e+02	2.28340936e+01
3.50000000e+02	2.13573617e+01
4.00000000e+02	2.03358116e+01
4.50000000e+02	1.96048126e+01
5.00000000e+02	1.90659476e+01
5.50000000e+02	1.86583862e+01
6.00000000e+02	1.83432336e+01
6.50000000e+02	1.80948240e+01
7.00000000e+02	1.78957306e+01
7.50000000e+02	1.77338158e+01
