2.50000000e+01	8.66101686e+00
5.00000000e+01	9.01617854e+00
5.00000000e+01	9.20502534e+00
7.50000000e+01	8.82662487e+00
1.00000000e+02	9.62433192e+00
1.25000000e+02	8.63202787e+00
1.50000000e+02	9.64329242e+00
1.50000000e+02	9.66246327e+00
1.75000000e+02	8.56502163e+00
2.00000000e+02	9.52999145e+00
2.50000000e+02	8.70646836e+00
2.50000000e+02	8.73039561e+00
3.00000000e+02	9.00096989e+00
3.50000000e+02	9.45177929e+00
4.00000000e+02	1.03190051e+01
4.50000000e+02	1.04065226e+01
5.00000000e+02	8.48471837e+00
5.50000000e+02	9.03324359e+00
6.00000000e+02	8.67826815e+00
6.50000000e+02	8.24924585e+00
7.00000000e+02	8.15924408e+00
7.50000000e+02	8.21668556e+00
2.50000000e+01	9.44576665e+00
5.00000000e+01	9.44573161e+00
5.00000000e+01	9.44573161e+00
7.50000000e+01	9.44570140e+00
1.00000000e+02	9.44567747e+00
1.25000000e+02	9.44565978e+00
1.50000000e+02	9.44564700e+00
1.50000000e+02	9.44564700e+00
1.75000000e+02	9.44563774e+00
2.00000000e+02	9.44563095e+00
2.50000000e+02	9.44562199e+00
2.50000000e+02	9.44562199e+00
3.00000000e+02	9.44561663e+00
3.50000000e+02	9.44561320e+00
4.00000000e+02	9.44561089e+00
4.50000000e+02	9.44560926e+00
5.00000000e+02	9.44560808e+00
5.50000000e+02	9.44560719e+00
6.00000000e+02	9.44560651e+00
6.50000000e+02	9.44560598e+00
7.00000000e+02	9.44560555e+00
7.50000000e+02	9.44560521e+00
2.50000000e+01	9.17874235e+00
5.00000000e+01	9.13972270e+00
5.00000000e+01	9.19019946e+00
7.50000000e+01	9.37470654e+00
1.00000000e+02	9.13362659e+00
1.25000000e+02	1.00447137e+01
1.50000000e+02	9.33154091e+00
1.50000000e+02	9.36639091e+00
1.75000000e+02	9.18689088e+00
2.00000000e+02	9.08917484e+00
2.50000000e+02	9.31065096e+00
2.50000000e+02	9.34029960e+00
3.00000000e+02	1.07696387e+01
3.50000000e+02	9.97035986e+00
4.00000000e+02	1.02894098e+01
4.50000000e+02	9.56754032e+00
5.00000000e+02	9.29269955e+00
5.50000000e+02	9.53733471e+00
6.00000000e+02	9.54797907e+00
6.50000000e+02	9.10337745e+00
7.00000000e+02	9.15638384e+00
7.50000000e+02	8.96526793e+00
2.50000000e+01	9.02909572e+00
5.00000000e+01	9.02904995e+00
5.00000000e+01	9.02904995e+00
7.50000000e+01	9.02901050e+00
1.00000000e+02	9.02897925e+00
1.25000000e+02	9.02895614e+00
1.50000000e+02	9.02893945e+00
1.50000000e+02	9.02893945e+00
1.75000000e+02	9.02892736e+00
2.00000000e+02	9.02891848e+00
2.50000000e+02	9.02890679e+00
2.50000000e+02	9.02890679e+00
3.00000000e+02	9.02889978e+00
3.50000000e+02	9.02889529e+00
4.00000000e+02	9.02889228e+00
4.50000000e+02	9.02889016e+00
5.00000000e+02	9.02888861e+00
5.50000000e+02	9.02888745e+00
6.00000000e+02	9.02888657e+00
6.50000000e+02	9.02888587e+00
7.00000000e+02	9.02888531e+00
7.50000000e+02	9.02888486e+00
