2.50000000e+01	4.65430062e+01
5.00000000e+01	4.30106568e+01
5.00000000e+01	4.30772739e+01
7.50000000e+01	3.68629598e+01
1.00000000e+02	3.95308117e+01
1.25000000e+02	2.90829964e+01
1.50000000e+02	3.54592882e+01
1.50000000e+02	3.57628754e+01
1.75000000e+02	3.23307816e+01
2.00000000e+02	3.13072552e+01
2.50000000e+02	2.98499325e+01
2.50000000e+02	2.99761964e+01
3.00000000e+02	2.56696269e+01
3.50000000e+02	3.00973778e+01
4.00000000e+02	2.63530044e+01
4.50000000e+02	2.37061866e+01
5.00000000e+02	2.54190233e+01
5.50000000e+02	2.71180660e+01
6.00000000e+02	2.50670345e+01
6.50000000e+02	2.49605423e+01
7.00000000e+02	2.45540878e+01
7.50000000e+02	2.64318032e+01
2.50000000e+01	3.82788248e+01
5.00000000e+01	3.60830536e+01
5.00000000e+01	3.60830536e+01
7.50000000e+01	3.37478794e+01
1.00000000e+02	3.13302866e+01
1.25000000e+02	2.92553036e+01
1.50000000e+02	2.76327406e+01
1.50000000e+02	2.76327406e+01
1.75000000e+02	2.64020641e+01
2.00000000e+02	2.54713925e+01
2.50000000e+02	2.42132775e+01
2.50000000e+02	2.42132775e+01
3.00000000e+02	2.34422117e+01
3.50000000e+02	2.29431121e+01
4.00000000e+02	2.26042366e+01
4.50000000e+02	2.23647342e+01
5.00000000e+02	2.21897068e+01
5.50000000e+02	2.20581599e+01
6.00000000e+02	2.19569194e+01
6.50000000e+02	2.18774094e+01
7.00000000e+02	2.18138664e+01
7.50000000e+02	2.17623075e+01
2.50000000e+01	3.49198176e+01
5.00000000e+01	3.46593438e+01
5.00000000e+01	3.47520198e+01
7.50000000e+01	3.30317642e+01
1.00000000e+02	2.90905928e+01
1.25000000e+02	3.09312775e+01
1.50000000e+02	2.99041469e+01
1.50000000e+02	3.02264089e+01
1.75000000e+02	2.78665515e+01
2.00000000e+02	2.60790136e+01
2.50000000e+02	2.45097163e+01
2.50000000e+02	2.47354014e+01
3.00000000e+02	2.30651196e+01
3.50000000e+02	2.41507817e+01
4.00000000e+02	2.20427198e+01
4.50000000e+02	2.21546289e+01
5.00000000e+02	2.32830846e+01
5.50000000e+02	2.19384445e+01
6.00000000e+02	2.05515343e+01
6.50000000e+02	2.08099584e+01
7.00000000e+02	2.08473615e+01
7.50000000e+02	2.16569907e+01
2.50000000e+01	4.48809339e+01
5.00000000e+01	4.26614205e+01
5.00000000e+01	4.26614205e+01
7.50000000e+01	4.02390464e+01
1.00000000e+02	3.74954088e+01
1.25000000e+02	3.50050278e+01
1.50000000e+02	3.30010376e+01
1.50000000e+02	3.30010376e+01
1.75000000e+02	3.14564975e+01
2.00000000e+02	3.02768891e+01
2.50000000e+02	2.86685826e+01
2.50000000e+02	2.86685826e+01
3.00000000e+02	2.76759405e+01
3.50000000e+02	2.70308240e+01
4.00000000e+02	2.65916973e+01
4.50000000e+02	2.62808154e+01
5.00000000e+02	2.60533535e+01
5.50000000e+02	2.58822495e+01
6.00000000e+02	2.57504792e+01
6.50000000e+02	2.56469403e+01
7.00000000e+02	2.55641610e+01
7.50000000e+02	2.54969724e+01
