2.50000000e+01	3.38345665e+01
5.00000000e+01	3.18591488e+01
5.00000000e+01	3.18672062e+01
7.50000000e+01	2.71452092e+01
1.00000000e+02	2.98306515e+01
1.25000000e+02	2.59850070e+01
1.50000000e+02	2.56255263e+01
1.50000000e+02	2.59537146e+01
1.75000000e+02	2.23581661e+01
2.00000000e+02	2.58906873e+01
2.50000000e+02	2.35552177e+01
2.50000000e+02	2.36147300e+01
3.00000000e+02	1.93591494e+01
3.50000000e+02	2.06529967e+01
4.00000000e+02	2.18629453e+01
4.50000000e+02	2.10665903e+01
5.00000000e+02	1.95494456e+01
5.50000000e+02	1.83978525e+01
6.00000000e+02	1.72600838e+01
6.50000000e+02	1.65117086e+01
7.00000000e+02	1.63944360e+01
7.50000000e+02	1.58528256e+01
2.50000000e+01	2.72062377e+01
5.00000000e+01	2.52522557e+01
5.00000000e+01	2.52522557e+01
7.50000000e+01	2.32800974e+01
1.00000000e+02	2.14278572e+01
1.25000000e+02	1.99248365e+01
1.50000000e+02	1.87832766e+01
1.50000000e+02	1.87832766e+01
1.75000000e+02	1.79316967e+01
2.00000000e+02	1.72943598e+01
2.50000000e+02	1.64405799e+01
2.50000000e+02	1.64405799e+01
3.00000000e+02	1.59212656e+01
3.50000000e+02	1.55865868e+01
4.00000000e+02	1.53599743e+01
4.50000000e+02	1.52001106e+01
5.00000000e+02	1.50834349e+01
5.50000000e+02	1.49958273e+01
6.00000000e+02	1.49284514e+01
6.50000000e+02	1.48755665e+01
7.00000000e+02	1.48333201e+01
7.50000000e+02	1.47990533e+01
2.50000000e+01	2.37920295e+01
5.00000000e+01	2.23413994e+01
5.00000000e+01	2.26405015e+01
7.50000000e+01	2.11375025e+01
1.00000000e+02	1.97186231e+01
1.25000000e+02	2.06040875e+01
1.50000000e+02	1.85880957e+01
1.50000000e+02	1.85976853e+01
1.75000000e+02	1.90975660e+01
2.00000000e+02	1.83003480e+01
2.50000000e+02	1.68782675e+01
2.50000000e+02	1.69478914e+01
3.00000000e+02	1.70519918e+01
3.50000000e+02	1.67181626e+01
4.00000000e+02	1.65799711e+01
4.50000000e+02	1.58745296e+01
5.00000000e+02	1.58077252e+01
5.50000000e+02	1.49747282e+01
6.00000000e+02	1.53346956e+01
6.50000000e+02	1.45325627e+01
7.00000000e+02	1.43960402e+01
7.50000000e+02	1.40594422e+01
2.50000000e+01	3.40093952e+01
5.00000000e+01	3.18745543e+01
5.00000000e+01	3.18745543e+01
7.50000000e+01	2.96444076e+01
1.00000000e+02	2.74243144e+01
1.25000000e+02	2.55621746e+01
1.50000000e+02	2.41232409e+01
1.50000000e+02	2.41232409e+01
1.75000000e+02	2.30391659e+01
2.00000000e+02	2.22227826e+01
2.50000000e+02	2.11231889e+01
2.50000000e+02	2.11231889e+01
3.00000000e+02	2.04513151e+01
3.50000000e+02	2.00171796e+01
4.00000000e+02	1.97227369e+01
4.50000000e+02	1.95147912e+01
5.00000000e+02	1.93629041e+01
5.50000000e+02	1.92487922e+01
6.00000000e+02	1.91609950e+01
6.50000000e+02	1.90920580e+01
7.00000000e+02	1.90369743e+01
7.50000000e+02	1.89922854e+01
