2.50000000e+01	2.88970772e+01
5.00000000e+01	2.75403846e+01
5.00000000e+01	2.78191703e+01
7.50000000e+01	2.64951925e+01
1.00000000e+02	2.44975788e+01
1.25000000e+02	2.14748200e+01
1.50000000e+02	2.06715303e+01
1.50000000e+02	2.07775246e+01
1.75000000e+02	2.54410448e+01
2.00000000e+02	2.01267104e+01
2.50000000e+02	2.03613168e+01
2.50000000e+02	2.03639631e+01
3.00000000e+02	1.73241714e+01
3.50000000e+02	1.94341119e+01
4.00000000e+02	2.07412050e+01
4.50000000e+02	2.03622785e+01
5.00000000e+02	2.08918270e+01
5.50000000e+02	2.01748355e+01
6.00000000e+02	2.05448834e+01
6.50000000e+02	1.96621691e+01
7.00000000e+02	1.79892015e+01
7.50000000e+02	1.85888770e+01
2.50000000e+01	2.39081581e+01
5.00000000e+01	2.24781272e+01
5.00000000e+01	2.24781272e+01
7.50000000e+01	2.11214901e+01
1.00000000e+02	1.99432515e+01
1.25000000e+02	1.90275153e+01
1.50000000e+02	1.83477213e+01
1.50000000e+02	1.83477213e+01
1.75000000e+02	1.78473149e+01
2.00000000e+02	1.74759536e+01
2.50000000e+02	1.69821877e+01
2.50000000e+02	1.69821877e+01
3.00000000e+02	1.66837409e+01
3.50000000e+02	1.64921075e+01
4.00000000e+02	1.63626527e+01
4.50000000e+02	1.62714717e+01
5.00000000e+02	1.62049970e+01
5.50000000e+02	1.61551238e+01
6.00000000e+02	1.61167914e+01
6.50000000e+02	1.60867175e+01
7.00000000e+02	1.60627022e+01
7.50000000e+02	1.60432287e+01
2.50000000e+01	2.28749572e+01
5.00000000e+01	2.24168751e+01
5.00000000e+01	2.26097773e+01
7.50000000e+01	2.15654464e+01
1.00000000e+02	2.05934616e+01
1.25000000e+02	1.95761087e+01
1.50000000e+02	1.92431007e+01
1.50000000e+02	1.92546056e+01
1.75000000e+02	1.79352806e+01
2.00000000e+02	1.87269853e+01
2.50000000e+02	1.61926496e+01
2.50000000e+02	1.63946874e+01
3.00000000e+02	1.60332879e+01
3.50000000e+02	1.77305758e+01
4.00000000e+02	1.61395574e+01
4.50000000e+02	1.65552044e+01
5.00000000e+02	1.63272511e+01
5.50000000e+02	1.55251227e+01
6.00000000e+02	1.65332785e+01
6.50000000e+02	1.55539343e+01
7.00000000e+02	1.50181930e+01
7.50000000e+02	1.51500247e+01
2.50000000e+01	2.90343384e+01
5.00000000e+01	2.73482978e+01
5.00000000e+01	2.73482978e+01
7.50000000e+01	2.57058649e+01
1.00000000e+02	2.42349501e+01
1.25000000e+02	2.30723864e+01
1.50000000e+02	2.22015903e+01
1.50000000e+02	2.22015903e+01
1.75000000e+02	2.15572094e+01
2.00000000e+02	2.10773970e+01
2.50000000e+02	2.04375305e+01
2.50000000e+02	2.04375305e+01
3.00000000e+02	2.00498020e+01
3.50000000e+02	1.98004752e+01
4.00000000e+02	1.96318899e+01
4.50000000e+02	1.95130730e+01
5.00000000e+02	1.94264125e+01
5.50000000e+02	1.93613736e+01
6.00000000e+02	1.93113727e+01
6.50000000e+02	1.92721369e+01
7.00000000e+02	1.92408008e+01
7.50000000e+02	1.92153880e+01
