2.50000000e+01	3.76713959e+01
5.00000000e+01	3.11147005e+01
5.00000000e+01	3.13373332e+01
7.50000000e+01	3.12050769e+01
1.00000000e+02	2.23997221e+01
1.25000000e+02	2.19681561e+01
1.50000000e+02	2.20246210e+01
1.50000000e+02	2.21061996e+01
1.75000000e+02	2.52966452e+01
2.00000000e+02	2.20485229e+01
2.50000000e+02	1.89985687e+01
2.50000000e+02	1.91198077e+01
3.00000000e+02	2.20724221e+01
3.50000000e+02	1.71196587e+01
4.00000000e+02	1.62954835e+01
4.50000000e+02	1.72763275e+01
5.00000000e+02	1.81437574e+01
5.50000000e+02	1.65877266e+01
6.00000000e+02	1.70568104e+01
6.50000000e+02	1.60154748e+01
7.00000000e+02	1.54948936e+01
7.50000000e+02	1.44725435e+01
2.50000000e+01	3.02620785e+01
5.00000000e+01	2.81182248e+01
5.00000000e+01	2.81182248e+01
7.50000000e+01	2.58737100e+01
1.00000000e+02	2.36295033e+01
1.25000000e+02	2.17423697e+01
1.50000000e+02	2.02822170e+01
1.50000000e+02	2.02822170e+01
1.75000000e+02	1.91813372e+01
2.00000000e+02	1.83519148e+01
2.50000000e+02	1.72343052e+01
2.50000000e+02	1.72343052e+01
3.00000000e+02	1.65511930e+01
3.50000000e+02	1.61097096e+01
4.00000000e+02	1.58102466e+01
4.50000000e+02	1.55987379e+01
5.00000000e+02	1.54442393e+01
5.50000000e+02	1.53281606e+01
6.00000000e+02	1.52388472e+01
6.50000000e+02	1.51687180e+01
7.00000000e+02	1.51126805e+01
7.50000000e+02	1.50672172e+01
2.50000000e+01	3.03588922e+01
5.00000000e+01	2.84134312e+01
5.00000000e+01	2.85824451e+01
7.50000000e+01	2.42925528e+01
1.00000000e+02	2.62989285e+01
1.25000000e+02	2.44962245e+01
1.50000000e+02	2.01282047e+01
1.50000000e+02	2.03213467e+01
1.75000000e+02	2.16430342e+01
2.00000000e+02	1.84689695e+01
2.50000000e+02	1.90197649e+01
2.50000000e+02	1.92187270e+01
3.00000000e+02	1.69855264e+01
3.50000000e+02	1.54865236e+01
4.00000000e+02	1.53724467e+01
4.50000000e+02	1.52566914e+01
5.00000000e+02	1.49026046e+01
5.50000000e+02	1.50619317e+01
6.00000000e+02	1.46386692e+01
6.50000000e+02	1.41136190e+01
7.00000000e+02	1.36114404e+01
7.50000000e+02	1.29369497e+01
2.50000000e+01	3.42931149e+01
5.00000000e+01	3.20695840e+01
5.00000000e+01	3.20695840e+01
7.50000000e+01	2.96683730e+01
1.00000000e+02	2.70697195e+01
1.25000000e+02	2.47783588e+01
1.50000000e+02	2.29616089e+01
1.50000000e+02	2.29616089e+01
1.75000000e+02	2.15728815e+01
2.00000000e+02	2.05176253e+01
2.50000000e+02	1.90851313e+01
2.50000000e+02	1.90851313e+01
3.00000000e+02	1.82041649e+01
3.50000000e+02	1.76328000e+01
4.00000000e+02	1.72443759e+01
4.50000000e+02	1.69696259e+01
5.00000000e+02	1.67687222e+01
5.50000000e+02	1.66176627e+01
6.00000000e+02	1.65013677e+01
6.50000000e+02	1.64100120e+01
7.00000000e+02	1.63369878e+01
7.50000000e+02	1.62777265e+01
