2.50000000e+01	3.51643344e+01
5.00000000e+01	3.52567233e+01
5.00000000e+01	3.56541663e+01
7.50000000e+01	3.06000633e+01
1.00000000e+02	3.06613383e+01
1.25000000e+02	3.17224370e+01
1.50000000e+02	3.11928805e+01
1.50000000e+02	3.12804951e+01
1.75000000e+02	2.81458187e+01
2.00000000e+02	2.85718983e+01
2.50000000e+02	3.06965277e+01
2.50000000e+02	3.07710151e+01
3.00000000e+02	3.02015803e+01
3.50000000e+02	2.87251100e+01
4.00000000e+02	2.70058830e+01
4.50000000e+02	2.60184092e+01
5.00000000e+02	2.50398799e+01
5.50000000e+02	2.50314999e+01
6.00000000e+02	2.47712047e+01
6.50000000e+02	2.41463117e+01
7.00000000e+02	2.40016464e+01
7.50000000e+02	2.40455013e+01
2.50000000e+01	2.67893961e+01
5.00000000e+01	2.53229138e+01
5.00000000e+01	2.53229138e+01
7.50000000e+01	2.39268621e+01
1.00000000e+02	2.27097301e+01
1.25000000e+02	2.17617844e+01
1.50000000e+02	2.10572904e+01
1.50000000e+02	2.10572904e+01
1.75000000e+02	2.05383600e+01
2.00000000e+02	2.01530892e+01
2.50000000e+02	1.96406364e+01
2.50000000e+02	1.96406364e+01
3.00000000e+02	1.93307962e+01
3.50000000e+02	1.91318100e+01
4.00000000e+02	1.89973724e+01
4.50000000e+02	1.89026742e+01
5.00000000e+02	1.88336316e+01
5.50000000e+02	1.87818296e+01
6.00000000e+02	1.87420134e+01
6.50000000e+02	1.87107747e+01
7.00000000e+02	1.86858289e+01
7.50000000e+02	1.86656005e+01
2.50000000e+01	2.41916400e+01
5.00000000e+01	2.35411357e+01
5.00000000e+01	2.40589146e+01
7.50000000e+01	2.37245308e+01
1.00000000e+02	2.24111518e+01
1.25000000e+02	2.39525058e+01
1.50000000e+02	2.10155027e+01
1.50000000e+02	2.11733744e+01
1.75000000e+02	2.14624386e+01
2.00000000e+02	2.16311715e+01
2.50000000e+02	2.09997532e+01
2.50000000e+02	2.10043197e+01
3.00000000e+02	2.03874213e+01
3.50000000e+02	1.96808647e+01
4.00000000e+02	1.93372407e+01
4.50000000e+02	1.85358723e+01
5.00000000e+02	1.83802291e+01
5.50000000e+02	1.83278703e+01
6.00000000e+02	1.82703034e+01
6.50000000e+02	1.78736628e+01
7.00000000e+02	1.79549849e+01
7.50000000e+02	1.75997316e+01
2.50000000e+01	3.63924825e+01
5.00000000e+01	3.46703978e+01
5.00000000e+01	3.46703978e+01
7.50000000e+01	3.29858009e+01
1.00000000e+02	3.14692808e+01
1.25000000e+02	3.02672510e+01
1.50000000e+02	2.93655307e+01
1.50000000e+02	2.93655307e+01
1.75000000e+02	2.86976773e+01
2.00000000e+02	2.82001082e+01
2.50000000e+02	2.75362319e+01
2.50000000e+02	2.75362319e+01
3.00000000e+02	2.71337860e+01
3.50000000e+02	2.68749321e+01
4.00000000e+02	2.66998780e+01
4.50000000e+02	2.65764891e+01
5.00000000e+02	2.64864873e+01
5.50000000e+02	2.64189372e+01
6.00000000e+02	2.63670036e+01
6.50000000e+02	2.63262499e+01
7.00000000e+02	2.62937008e+01
7.50000000e+02	2.62673037e+01
