2.50000000e+01	4.32417405e+01
5.00000000e+01	3.68397658e+01
5.00000000e+01	3.73714150e+01
7.50000000e+01	3.58804537e+01
1.00000000e+02	2.54188301e+01
1.25000000e+02	2.18088423e+01
1.50000000e+02	3.11595074e+01
1.50000000e+02	3.12786381e+01
1.75000000e+02	1.82632685e+01
2.00000000e+02	1.85804477e+01
2.50000000e+02	2.26210414e+01
2.50000000e+02	2.27869848e+01
3.00000000e+02	1.68951785e+01
3.50000000e+02	1.41846857e+01
4.00000000e+02	1.39315247e+01
4.50000000e+02	1.66402353e+01
5.00000000e+02	1.44327589e+01
5.50000000e+02	1.33783009e+01
6.00000000e+02	1.21866863e+01
6.50000000e+02	1.07467768e+01
7.00000000e+02	9.37552865e+00
7.50000000e+02	8.76544923e+00
2.50000000e+01	3.44037326e+01
5.00000000e+01	3.24624847e+01
5.00000000e+01	3.24624847e+01
7.50000000e+01	3.03820751e+01
1.00000000e+02	2.74501899e+01
1.25000000e+02	2.42656337e+01
1.50000000e+02	2.14595858e+01
1.50000000e+02	2.14595858e+01
1.75000000e+02	1.91875390e+01
2.00000000e+02	1.74001144e+01
2.50000000e+02	1.49010584e+01
2.50000000e+02	1.49010584e+01
3.00000000e+02	1.33270067e+01
3.50000000e+02	1.22922116e+01
4.00000000e+02	1.15827700e+01
4.50000000e+02	1.10781135e+01
5.00000000e+02	1.07076360e+01
5.50000000e+02	1.04282717e+01
6.00000000e+02	1.02127345e+01
6.50000000e+02	1.00431371e+01
7.00000000e+02	9.90739389e+00
7.50000000e+02	9.79711896e+00
2.50000000e+01	3.47607096e+01
5.00000000e+01	3.08637730e+01
5.00000000e+01	3.14008161e+01
7.50000000e+01	2.94870943e+01
1.00000000e+02	2.82033728e+01
1.25000000e+02	2.43851418e+01
1.50000000e+02	2.06051377e+01
1.50000000e+02	2.10316495e+01
1.75000000e+02	1.79445770e+01
2.00000000e+02	2.03388961e+01
2.50000000e+02	1.65154354e+01
2.50000000e+02	1.66291727e+01
3.00000000e+02	1.33665687e+01
3.50000000e+02	1.32888772e+01
4.00000000e+02	1.34978938e+01
4.50000000e+02	1.20895255e+01
5.00000000e+02	1.12771706e+01
5.50000000e+02	1.02503593e+01
6.00000000e+02	9.24001350e+00
6.50000000e+02	8.72489038e+00
7.00000000e+02	8.31705920e+00
7.50000000e+02	7.91063572e+00
2.50000000e+01	3.86218241e+01
5.00000000e+01	3.69472081e+01
5.00000000e+01	3.69472081e+01
7.50000000e+01	3.52420804e+01
1.00000000e+02	3.26299563e+01
1.25000000e+02	2.92938677e+01
1.50000000e+02	2.61024461e+01
1.50000000e+02	2.61024461e+01
1.75000000e+02	2.34040555e+01
2.00000000e+02	2.12268072e+01
2.50000000e+02	1.81181897e+01
2.50000000e+02	1.81181897e+01
3.00000000e+02	1.61275223e+01
3.50000000e+02	1.48067225e+01
4.00000000e+02	1.38960313e+01
4.50000000e+02	1.32457692e+01
5.00000000e+02	1.27671420e+01
5.50000000e+02	1.24055352e+01
6.00000000e+02	1.21261461e+01
6.50000000e+02	1.19060640e+01
7.00000000e+02	1.17297612e+01
7.50000000e+02	1.15864375e+01
