2.50000000e+01	2.67905946e+01
5.00000000e+01	2.51991538e+01
5.00000000e+01	2.60859927e+01
7.50000000e+01	2.76591646e+01
1.00000000e+02	1.88508858e+01
1.25000000e+02	2.93672873e+01
1.50000000e+02	1.97243465e+01
1.50000000e+02	2.01786636e+01
1.75000000e+02	1.10012400e+01
2.00000000e+02	1.81881973e+01
2.50000000e+02	2.43666717e+01
2.50000000e+02	2.47152502e+01
3.00000000e+02	2.19450580e+01
3.50000000e+02	1.39790476e+01
4.00000000e+02	1.65918167e+01
4.50000000e+02	1.84053049e+01
5.00000000e+02	1.35505651e+01
5.50000000e+02	1.06508206e+01
6.00000000e+02	1.18063748e+01
6.50000000e+02	1.23325965e+01
7.00000000e+02	1.06495012e+01
7.50000000e+02	9.15609361e+00
2.50000000e+01	3.13617743e+01
5.00000000e+01	2.91385282e+01
5.00000000e+01	2.91385282e+01
7.50000000e+01	2.67174133e+01
1.00000000e+02	2.40066996e+01
1.25000000e+02	2.15646401e+01
1.50000000e+02	1.96070602e+01
1.50000000e+02	1.96070602e+01
1.75000000e+02	1.81015012e+01
2.00000000e+02	1.69531634e+01
2.50000000e+02	1.53892486e+01
2.50000000e+02	1.53892486e+01
3.00000000e+02	1.44248927e+01
3.50000000e+02	1.37984888e+01
4.00000000e+02	1.33722400e+01
4.50000000e+02	1.30705416e+01
5.00000000e+02	1.28498331e+01
5.50000000e+02	1.26838279e+01
6.00000000e+02	1.25559952e+01
6.50000000e+02	1.24555568e+01
7.00000000e+02	1.23752605e+01
7.50000000e+02	1.23100899e+01
2.50000000e+01	3.08281912e+01
5.00000000e+01	3.42885587e+01
5.00000000e+01	3.69890242e+01
7.50000000e+01	2.80490885e+01
1.00000000e+02	3.14152744e+01
1.25000000e+02	1.99236793e+01
1.50000000e+02	2.20156242e+01
1.50000000e+02	2.30518100e+01
1.75000000e+02	1.88521585e+01
2.00000000e+02	2.11149069e+01
2.50000000e+02	1.95409705e+01
2.50000000e+02	2.02082852e+01
3.00000000e+02	1.53997231e+01
3.50000000e+02	1.28425236e+01
4.00000000e+02	1.35869967e+01
4.50000000e+02	1.17751295e+01
5.00000000e+02	1.15875877e+01
5.50000000e+02	1.08254838e+01
6.00000000e+02	8.74153614e+00
6.50000000e+02	8.85640454e+00
7.00000000e+02	1.04179175e+01
7.50000000e+02	9.07403122e+00
2.50000000e+01	3.42427661e+01
5.00000000e+01	3.21061548e+01
5.00000000e+01	3.21061548e+01
7.50000000e+01	2.97603204e+01
1.00000000e+02	2.68292353e+01
1.25000000e+02	2.39779290e+01
1.50000000e+02	2.16015004e+01
1.50000000e+02	2.16015004e+01
1.75000000e+02	1.97341916e+01
2.00000000e+02	1.82912554e+01
2.50000000e+02	1.63040939e+01
2.50000000e+02	1.63040939e+01
3.00000000e+02	1.50675648e+01
3.50000000e+02	1.42602035e+01
4.00000000e+02	1.37090382e+01
4.50000000e+02	1.33180799e+01
5.00000000e+02	1.30316390e+01
5.50000000e+02	1.28159552e+01
6.00000000e+02	1.26497293e+01
6.50000000e+02	1.25190419e+01
7.00000000e+02	1.24145102e+01
7.50000000e+02	1.23296353e+01
