2.50000000e+01	5.31403145e+01
5.00000000e+01	4.85618202e+01
5.00000000e+01	4.94029307e+01
7.50000000e+01	4.56177326e+01
1.00000000e+02	3.28128029e+01
1.25000000e+02	2.87950129e+01
1.50000000e+02	3.40715705e+01
1.50000000e+02	3.42252087e+01
1.75000000e+02	2.72066043e+01
2.00000000e+02	2.22754540e+01
2.50000000e+02	2.67182359e+01
2.50000000e+02	2.68530208e+01
3.00000000e+02	2.14155938e+01
3.50000000e+02	2.01222549e+01
4.00000000e+02	1.81469903e+01
4.50000000e+02	2.03364414e+01
5.00000000e+02	1.93011666e+01
5.50000000e+02	2.00140870e+01
6.00000000e+02	1.78897338e+01
6.50000000e+02	1.70886209e+01
7.00000000e+02	1.69515439e+01
7.50000000e+02	1.65797561e+01
2.50000000e+01	4.08549150e+01
5.00000000e+01	3.88803697e+01
5.00000000e+01	3.88803697e+01
7.50000000e+01	3.67522889e+01
1.00000000e+02	3.38029199e+01
1.25000000e+02	3.06578022e+01
1.50000000e+02	2.79121285e+01
1.50000000e+02	2.79121285e+01
1.75000000e+02	2.56999761e+01
2.00000000e+02	2.39647816e+01
2.50000000e+02	2.15447224e+01
2.50000000e+02	2.15447224e+01
3.00000000e+02	2.00234229e+01
3.50000000e+02	1.90244108e+01
4.00000000e+02	1.83399703e+01
4.50000000e+02	1.78533198e+01
5.00000000e+02	1.74961745e+01
5.50000000e+02	1.72269257e+01
6.00000000e+02	1.70192291e+01
6.50000000e+02	1.68558229e+01
7.00000000e+02	1.67250487e+01
7.50000000e+02	1.66188194e+01
2.50000000e+01	4.60922066e+01
5.00000000e+01	3.46551456e+01
5.00000000e+01	3.68673334e+01
7.50000000e+01	3.20249354e+01
1.00000000e+02	3.27011243e+01
1.25000000e+02	3.12416856e+01
1.50000000e+02	3.01422457e+01
1.50000000e+02	3.04454455e+01
1.75000000e+02	2.41700433e+01
2.00000000e+02	2.47207037e+01
2.50000000e+02	2.03017249e+01
2.50000000e+02	2.09710251e+01
3.00000000e+02	1.91098438e+01
3.50000000e+02	1.98761101e+01
4.00000000e+02	2.02293495e+01
4.50000000e+02	1.93042723e+01
5.00000000e+02	1.89984193e+01
5.50000000e+02	1.71640517e+01
6.00000000e+02	1.74864613e+01
6.50000000e+02	1.64758630e+01
7.00000000e+02	1.48203471e+01
7.50000000e+02	1.57185105e+01
2.50000000e+01	4.42799618e+01
5.00000000e+01	4.25649171e+01
5.00000000e+01	4.25649171e+01
7.50000000e+01	4.08057256e+01
1.00000000e+02	3.81264111e+01
1.25000000e+02	3.47956219e+01
1.50000000e+02	3.16528853e+01
1.50000000e+02	3.16528853e+01
1.75000000e+02	2.90146748e+01
2.00000000e+02	2.68948234e+01
2.50000000e+02	2.38784962e+01
2.50000000e+02	2.38784962e+01
3.00000000e+02	2.19520942e+01
3.50000000e+02	2.06758282e+01
4.00000000e+02	1.97966457e+01
4.50000000e+02	1.91692606e+01
5.00000000e+02	1.87076661e+01
5.50000000e+02	1.83590342e+01
6.00000000e+02	1.80897313e+01
6.50000000e+02	1.78776317e+01
7.00000000e+02	1.77077468e+01
7.50000000e+02	1.75696558e+01
