2.50000000e+01	1.08083586e+01
5.00000000e+01	9.98065170e+00
5.00000000e+01	1.00636545e+01
7.50000000e+01	9.40438061e+00
1.00000000e+02	9.06333738e+00
1.25000000e+02	9.20538590e+00
1.50000000e+02	9.77511998e+00
1.50000000e+02	9.79800389e+00
1.75000000e+02	1.11156317e+01
2.00000000e+02	1.13113174e+01
2.50000000e+02	8.68083222e+00
2.50000000e+02	8.69146863e+00
3.00000000e+02	9.78544333e+00
3.50000000e+02	9.64932880e+00
4.00000000e+02	9.33894324e+00
4.50000000e+02	8.61697951e+00
5.00000000e+02	8.31767232e+00
5.50000000e+02	7.88661663e+00
6.00000000e+02	7.63579224e+00
6.50000000e+02	7.44413783e+00
7.00000000e+02	7.71560659e+00
7.50000000e+02	7.86201349e+00
2.50000000e+01	9.38544444e+00
5.00000000e+01	9.03005325e+00
5.00000000e+01	9.03005325e+00
7.50000000e+01	8.71793457e+00
1.00000000e+02	8.46656063e+00
1.25000000e+02	8.27904067e+00
1.50000000e+02	8.14290595e+00
1.50000000e+02	8.14290595e+00
1.75000000e+02	8.04401789e+00
2.00000000e+02	7.97125754e+00
2.50000000e+02	7.87525591e+00
2.50000000e+02	7.87525591e+00
3.00000000e+02	7.81760845e+00
3.50000000e+02	7.78073465e+00
4.00000000e+02	7.75588589e+00
4.50000000e+02	7.73841255e+00
5.00000000e+02	7.72568859e+00
5.50000000e+02	7.71615045e+00
6.00000000e+02	7.70882416e+00
6.50000000e+02	7.70307912e+00
7.00000000e+02	7.69849326e+00
7.50000000e+02	7.69477585e+00
2.50000000e+01	9.17124468e+00
5.00000000e+01	9.14710831e+00
5.00000000e+01	9.18205815e+00
7.50000000e+01	8.79166660e+00
1.00000000e+02	8.70909165e+00
1.25000000e+02	8.39166615e+00
1.50000000e+02	7.98185396e+00
1.50000000e+02	8.05712812e+00
1.75000000e+02	9.30119967e+00
2.00000000e+02	7.62059722e+00
2.50000000e+02	8.40567975e+00
2.50000000e+02	8.61533365e+00
3.00000000e+02	8.39770496e+00
3.50000000e+02	7.97340968e+00
4.00000000e+02	7.54768315e+00
4.50000000e+02	7.42812874e+00
5.00000000e+02	7.51764532e+00
5.50000000e+02	7.32963907e+00
6.00000000e+02	7.30969312e+00
6.50000000e+02	7.18054723e+00
7.00000000e+02	7.24960384e+00
7.50000000e+02	7.14117178e+00
2.50000000e+01	1.08294594e+01
5.00000000e+01	1.03739395e+01
5.00000000e+01	1.03739395e+01
7.50000000e+01	9.97157082e+00
1.00000000e+02	9.64583963e+00
1.25000000e+02	9.40216894e+00
1.50000000e+02	9.22499561e+00
1.50000000e+02	9.22499561e+00
1.75000000e+02	9.09617697e+00
2.00000000e+02	9.00133647e+00
2.50000000e+02	8.87613320e+00
2.50000000e+02	8.87613320e+00
3.00000000e+02	8.80091532e+00
3.50000000e+02	8.75278946e+00
4.00000000e+02	8.72035241e+00
4.50000000e+02	8.69754036e+00
5.00000000e+02	8.68092740e+00
5.50000000e+02	8.66847322e+00
6.00000000e+02	8.65890666e+00
6.50000000e+02	8.65140462e+00
7.00000000e+02	8.64541610e+00
7.50000000e+02	8.64056154e+00
