2.50000000e+01	7.94180596e+00
5.00000000e+01	8.06345081e+00
5.00000000e+01	8.14684046e+00
7.50000000e+01	7.72270225e+00
1.00000000e+02	7.85327512e+00
1.25000000e+02	1.02796090e+01
1.50000000e+02	8.02030564e+00
1.50000000e+02	8.03236672e+00
1.75000000e+02	7.66425444e+00
2.00000000e+02	7.15028784e+00
2.50000000e+02	8.10082927e+00
2.50000000e+02	8.11941653e+00
3.00000000e+02	8.18216303e+00
3.50000000e+02	7.49939364e+00
4.00000000e+02	8.50409947e+00
4.50000000e+02	9.67151284e+00
5.00000000e+02	7.84376949e+00
5.50000000e+02	8.06613098e+00
6.00000000e+02	8.18307329e+00
6.50000000e+02	8.39723774e+00
7.00000000e+02	8.39796458e+00
7.50000000e+02	8.04198206e+00
2.50000000e+01	7.33628846e+00
5.00000000e+01	7.33628650e+00
5.00000000e+01	7.33628650e+00
7.50000000e+01	7.33628481e+00
1.00000000e+02	7.33628348e+00
1.25000000e+02	7.33628249e+00
1.50000000e+02	7.33628177e+00
1.50000000e+02	7.33628177e+00
1.75000000e+02	7.33628126e+00
2.00000000e+02	7.33628088e+00
2.50000000e+02	7.33628038e+00
2.50000000e+02	7.33628038e+00
3.00000000e+02	7.33628008e+00
3.50000000e+02	7.33627989e+00
4.00000000e+02	7.33627976e+00
4.50000000e+02	7.33627967e+00
5.00000000e+02	7.33627960e+00
5.50000000e+02	7.33627955e+00
6.00000000e+02	7.33627951e+00
6.50000000e+02	7.33627948e+00
7.00000000e+02	7.33627946e+00
7.50000000e+02	7.33627944e+00
2.50000000e+01	7.51786251e+00
5.00000000e+01	7.56110721e+00
5.00000000e+01	7.71072757e+00
7.50000000e+01	7.34287175e+00
1.00000000e+02	8.14509054e+00
1.25000000e+02	7.69888036e+00
1.50000000e+02	7.81333704e+00
1.50000000e+02	7.82410181e+00
1.75000000e+02	7.63036937e+00
2.00000000e+02	7.32023303e+00
2.50000000e+02	7.29963921e+00
2.50000000e+02	7.39250027e+00
3.00000000e+02	7.57011380e+00
3.50000000e+02	7.39027728e+00
4.00000000e+02	7.35014705e+00
4.50000000e+02	6.91411850e+00
5.00000000e+02	7.19957777e+00
5.50000000e+02	7.08416774e+00
6.00000000e+02	6.86064593e+00
6.50000000e+02	6.57826371e+00
7.00000000e+02	6.57480643e+00
7.50000000e+02	6.69306222e+00
2.50000000e+01	8.16824204e+00
5.00000000e+01	8.16823948e+00
5.00000000e+01	8.16823948e+00
7.50000000e+01	8.16823728e+00
1.00000000e+02	8.16823553e+00
1.25000000e+02	8.16823424e+00
1.50000000e+02	8.16823331e+00
1.50000000e+02	8.16823331e+00
1.75000000e+02	8.16823264e+00
2.00000000e+02	8.16823214e+00
2.50000000e+02	8.16823149e+00
2.50000000e+02	8.16823149e+00
3.00000000e+02	8.16823110e+00
3.50000000e+02	8.16823084e+00
4.00000000e+02	8.16823068e+00
4.50000000e+02	8.16823056e+00
5.00000000e+02	8.16823047e+00
5.50000000e+02	8.16823041e+00
6.00000000e+02	8.16823036e+00
6.50000000e+02	8.16823032e+00
7.00000000e+02	8.16823029e+00
7.50000000e+02	8.16823026e+00
