2.50000000e+01	1.97980476e+01
5.00000000e+01	2.01167843e+01
5.00000000e+01	2.01278724e+01
7.50000000e+01	1.89413346e+01
1.00000000e+02	1.77386305e+01
1.25000000e+02	1.85256654e+01
1.50000000e+02	1.89669394e+01
1.50000000e+02	1.89765848e+01
1.75000000e+02	1.99358391e+01
2.00000000e+02	1.82430326e+01
2.50000000e+02	1.71207125e+01
2.50000000e+02	1.72024528e+01
3.00000000e+02	1.89611937e+01
3.50000000e+02	1.95364224e+01
4.00000000e+02	1.89799715e+01
4.50000000e+02	1.99015986e+01
5.00000000e+02	1.93380910e+01
5.50000000e+02	1.76509704e+01
6.00000000e+02	1.84845604e+01
6.50000000e+02	1.68872450e+01
7.00000000e+02	1.76106262e+01
7.50000000e+02	1.71150671e+01
2.50000000e+01	1.73580760e+01
5.00000000e+01	1.69860818e+01
5.00000000e+01	1.69860818e+01
7.50000000e+01	1.66590741e+01
1.00000000e+02	1.63954894e+01
1.25000000e+02	1.61987714e+01
1.50000000e+02	1.60559233e+01
1.50000000e+02	1.60559233e+01
1.75000000e+02	1.59521429e+01
2.00000000e+02	1.58757754e+01
2.50000000e+02	1.57750055e+01
2.50000000e+02	1.57750055e+01
3.00000000e+02	1.57144901e+01
3.50000000e+02	1.56757801e+01
4.00000000e+02	1.56496932e+01
4.50000000e+02	1.56313489e+01
5.00000000e+02	1.56179905e+01
5.50000000e+02	1.56079767e+01
6.00000000e+02	1.56002850e+01
6.50000000e+02	1.55942534e+01
7.00000000e+02	1.55894387e+01
7.50000000e+02	1.55855358e+01
2.50000000e+01	1.75883392e+01
5.00000000e+01	1.75223384e+01
5.00000000e+01	1.75223735e+01
7.50000000e+01	1.74947754e+01
1.00000000e+02	1.64325668e+01
1.25000000e+02	1.75247381e+01
1.50000000e+02	1.54163030e+01
1.50000000e+02	1.54875159e+01
1.75000000e+02	1.62657374e+01
2.00000000e+02	1.49339014e+01
2.50000000e+02	1.58087104e+01
2.50000000e+02	1.58739712e+01
3.00000000e+02	1.59146937e+01
3.50000000e+02	1.58241811e+01
4.00000000e+02	1.60456781e+01
4.50000000e+02	1.55488488e+01
5.00000000e+02	1.53800257e+01
5.50000000e+02	1.54102567e+01
6.00000000e+02	1.49066443e+01
6.50000000e+02	1.54058251e+01
7.00000000e+02	1.55335798e+01
7.50000000e+02	1.48433419e+01
2.50000000e+01	2.03699103e+01
5.00000000e+01	1.98935639e+01
5.00000000e+01	1.98935639e+01
7.50000000e+01	1.94722827e+01
1.00000000e+02	1.91308663e+01
1.25000000e+02	1.88753092e+01
1.50000000e+02	1.86894320e+01
1.50000000e+02	1.86894320e+01
1.75000000e+02	1.85542582e+01
2.00000000e+02	1.84547259e+01
2.50000000e+02	1.83233136e+01
2.50000000e+02	1.83233136e+01
3.00000000e+02	1.82443577e+01
3.50000000e+02	1.81938372e+01
4.00000000e+02	1.81597849e+01
4.50000000e+02	1.81358363e+01
5.00000000e+02	1.81183953e+01
5.50000000e+02	1.81053202e+01
6.00000000e+02	1.80952766e+01
6.50000000e+02	1.80874004e+01
7.00000000e+02	1.80811132e+01
7.50000000e+02	1.80760164e+01
