2.50000000e+01	1.90505918e+01
5.00000000e+01	1.92723708e+01
5.00000000e+01	1.93342881e+01
7.50000000e+01	1.82523626e+01
1.00000000e+02	1.62019745e+01
1.25000000e+02	1.86181041e+01
1.50000000e+02	1.78894935e+01
1.50000000e+02	1.79847440e+01
1.75000000e+02	1.98638588e+01
2.00000000e+02	1.76830675e+01
2.50000000e+02	1.64451873e+01
2.50000000e+02	1.65166783e+01
3.00000000e+02	1.72479819e+01
3.50000000e+02	1.65665842e+01
4.00000000e+02	1.87032311e+01
4.50000000e+02	1.90860678e+01
5.00000000e+02	1.86086923e+01
5.50000000e+02	1.58437715e+01
6.00000000e+02	1.69614834e+01
6.50000000e+02	1.61690831e+01
7.00000000e+02	1.68490565e+01
7.50000000e+02	1.61085599e+01
2.50000000e+01	1.71330662e+01
5.00000000e+01	1.66481942e+01
5.00000000e+01	1.66481942e+01
7.50000000e+01	1.62191569e+01
1.00000000e+02	1.58713043e+01
1.25000000e+02	1.56108685e+01
1.50000000e+02	1.54214193e+01
1.50000000e+02	1.54214193e+01
1.75000000e+02	1.52836373e+01
2.00000000e+02	1.51821796e+01
2.50000000e+02	1.50482191e+01
2.50000000e+02	1.50482191e+01
3.00000000e+02	1.49677291e+01
3.50000000e+02	1.49162258e+01
4.00000000e+02	1.48815105e+01
4.50000000e+02	1.48570954e+01
5.00000000e+02	1.48393145e+01
5.50000000e+02	1.48259846e+01
6.00000000e+02	1.48157452e+01
6.50000000e+02	1.48077154e+01
7.00000000e+02	1.48013056e+01
7.50000000e+02	1.47961095e+01
2.50000000e+01	1.70419925e+01
5.00000000e+01	1.65964020e+01
5.00000000e+01	1.66433627e+01
7.50000000e+01	1.67429556e+01
1.00000000e+02	1.70059200e+01
1.25000000e+02	1.69100381e+01
1.50000000e+02	1.47451359e+01
1.50000000e+02	1.47968576e+01
1.75000000e+02	1.51821061e+01
2.00000000e+02	1.48039372e+01
2.50000000e+02	1.48715377e+01
2.50000000e+02	1.48983568e+01
3.00000000e+02	1.64473855e+01
3.50000000e+02	1.48862091e+01
4.00000000e+02	1.55290113e+01
4.50000000e+02	1.44483372e+01
5.00000000e+02	1.46070417e+01
5.50000000e+02	1.45252206e+01
6.00000000e+02	1.41849384e+01
6.50000000e+02	1.45337021e+01
7.00000000e+02	1.47541155e+01
7.50000000e+02	1.41851349e+01
2.50000000e+01	1.99630569e+01
5.00000000e+01	1.93463037e+01
5.00000000e+01	1.93463037e+01
7.50000000e+01	1.87961762e+01
1.00000000e+02	1.83468821e+01
1.25000000e+02	1.80091609e+01
1.50000000e+02	1.77629543e+01
1.50000000e+02	1.77629543e+01
1.75000000e+02	1.75836588e+01
2.00000000e+02	1.74515194e+01
2.50000000e+02	1.72769139e+01
2.50000000e+02	1.72769139e+01
3.00000000e+02	1.71719335e+01
3.50000000e+02	1.71047336e+01
4.00000000e+02	1.70594270e+01
4.50000000e+02	1.70275578e+01
5.00000000e+02	1.70043457e+01
5.50000000e+02	1.69869425e+01
6.00000000e+02	1.69735734e+01
6.50000000e+02	1.69630887e+01
7.00000000e+02	1.69547190e+01
7.50000000e+02	1.69479338e+01
