2.50000000e+01	1.13538092e+01
5.00000000e+01	1.02770486e+01
5.00000000e+01	1.03542659e+01
7.50000000e+01	1.09270754e+01
1.00000000e+02	1.03527371e+01
1.25000000e+02	1.27234073e+01
1.50000000e+02	9.23411737e+00
1.50000000e+02	9.40415054e+00
1.75000000e+02	1.21677423e+01
2.00000000e+02	1.06616447e+01
2.50000000e+02	8.81338653e+00
2.50000000e+02	8.88099215e+00
3.00000000e+02	9.19226924e+00
3.50000000e+02	9.14713561e+00
4.00000000e+02	1.14904094e+01
4.50000000e+02	1.01391264e+01
5.00000000e+02	1.00695969e+01
5.50000000e+02	1.00074877e+01
6.00000000e+02	1.05558508e+01
6.50000000e+02	1.01607029e+01
7.00000000e+02	9.39888030e+00
7.50000000e+02	8.96124332e+00
2.50000000e+01	1.08882951e+01
5.00000000e+01	1.06613549e+01
5.00000000e+01	1.06613549e+01
7.50000000e+01	1.04634566e+01
1.00000000e+02	1.03050626e+01
1.25000000e+02	1.01873039e+01
1.50000000e+02	1.01019745e+01
1.50000000e+02	1.01019745e+01
1.75000000e+02	1.00400616e+01
2.00000000e+02	9.99454069e+00
2.50000000e+02	9.93451948e+00
2.50000000e+02	9.93451948e+00
3.00000000e+02	9.89849831e+00
3.50000000e+02	9.87546538e+00
4.00000000e+02	9.85994713e+00
4.50000000e+02	9.84903648e+00
5.00000000e+02	9.84109223e+00
5.50000000e+02	9.83513750e+00
6.00000000e+02	9.83056391e+00
6.50000000e+02	9.82697761e+00
7.00000000e+02	9.82411501e+00
7.50000000e+02	9.82179459e+00
2.50000000e+01	1.09245324e+01
5.00000000e+01	1.10109154e+01
5.00000000e+01	1.11526498e+01
7.50000000e+01	1.14353091e+01
1.00000000e+02	1.00399255e+01
1.25000000e+02	1.07912047e+01
1.50000000e+02	9.18180469e+00
1.50000000e+02	9.34122532e+00
1.75000000e+02	1.06821155e+01
2.00000000e+02	9.31880292e+00
2.50000000e+02	1.02978643e+01
2.50000000e+02	1.03434105e+01
3.00000000e+02	9.38351034e+00
3.50000000e+02	1.01991703e+01
4.00000000e+02	1.00775781e+01
4.50000000e+02	1.02218764e+01
5.00000000e+02	1.00985135e+01
5.50000000e+02	9.49757620e+00
6.00000000e+02	9.92984567e+00
6.50000000e+02	9.54526371e+00
7.00000000e+02	9.34801261e+00
7.50000000e+02	9.11541948e+00
2.50000000e+01	1.12270595e+01
5.00000000e+01	1.09340983e+01
5.00000000e+01	1.09340983e+01
7.50000000e+01	1.06777044e+01
1.00000000e+02	1.04718396e+01
1.25000000e+02	1.03185236e+01
1.50000000e+02	1.02073218e+01
1.50000000e+02	1.02073218e+01
1.75000000e+02	1.01265897e+01
2.00000000e+02	1.00672096e+01
2.50000000e+02	9.98888771e+00
2.50000000e+02	9.98888771e+00
3.00000000e+02	9.94186980e+00
3.50000000e+02	9.91180008e+00
4.00000000e+02	9.89153862e+00
4.50000000e+02	9.87729203e+00
5.00000000e+02	9.86691828e+00
5.50000000e+02	9.85914220e+00
6.00000000e+02	9.85316951e+00
6.50000000e+02	9.84848603e+00
7.00000000e+02	9.84474760e+00
7.50000000e+02	9.84171718e+00
