2.50000000e+01	2.67705407e+01
5.00000000e+01	2.53308836e+01
5.00000000e+01	2.54336899e+01
7.50000000e+01	2.32009381e+01
1.00000000e+02	2.10375568e+01
1.25000000e+02	2.01880432e+01
1.50000000e+02	2.11473183e+01
1.50000000e+02	2.12312394e+01
1.75000000e+02	2.30293564e+01
2.00000000e+02	1.97926481e+01
2.50000000e+02	1.67849023e+01
2.50000000e+02	1.68821356e+01
3.00000000e+02	1.73281266e+01
3.50000000e+02	1.61074647e+01
4.00000000e+02	1.55609516e+01
4.50000000e+02	1.46892490e+01
5.00000000e+02	1.39659291e+01
5.50000000e+02	1.33897878e+01
6.00000000e+02	1.31604678e+01
6.50000000e+02	1.28102584e+01
7.00000000e+02	1.31648934e+01
7.50000000e+02	1.27411187e+01
2.50000000e+01	2.51857844e+01
5.00000000e+01	2.32232947e+01
5.00000000e+01	2.32232947e+01
7.50000000e+01	2.12398927e+01
1.00000000e+02	1.93733730e+01
1.25000000e+02	1.78570731e+01
1.50000000e+02	1.67047530e+01
1.50000000e+02	1.67047530e+01
1.75000000e+02	1.58448561e+01
2.00000000e+02	1.52011578e+01
2.50000000e+02	1.43386945e+01
2.50000000e+02	1.43386945e+01
3.00000000e+02	1.38140162e+01
3.50000000e+02	1.34758498e+01
4.00000000e+02	1.32468625e+01
4.50000000e+02	1.30853174e+01
5.00000000e+02	1.29674113e+01
5.50000000e+02	1.28788780e+01
6.00000000e+02	1.28107893e+01
6.50000000e+02	1.27573441e+01
7.00000000e+02	1.27146499e+01
7.50000000e+02	1.26800195e+01
2.50000000e+01	2.35409215e+01
5.00000000e+01	2.21258419e+01
5.00000000e+01	2.22509768e+01
7.50000000e+01	2.11791606e+01
1.00000000e+02	2.00883461e+01
1.25000000e+02	1.78252003e+01
1.50000000e+02	1.79448927e+01
1.50000000e+02	1.79937767e+01
1.75000000e+02	1.69074330e+01
2.00000000e+02	1.56544489e+01
2.50000000e+02	1.56767150e+01
2.50000000e+02	1.56973018e+01
3.00000000e+02	1.51239934e+01
3.50000000e+02	1.39143420e+01
4.00000000e+02	1.29567255e+01
4.50000000e+02	1.23617129e+01
5.00000000e+02	1.25197864e+01
5.50000000e+02	1.20709249e+01
6.00000000e+02	1.19440064e+01
6.50000000e+02	1.18472592e+01
7.00000000e+02	1.18567495e+01
7.50000000e+02	1.19281359e+01
2.50000000e+01	2.92971171e+01
5.00000000e+01	2.71567910e+01
5.00000000e+01	2.71567910e+01
7.50000000e+01	2.49178765e+01
1.00000000e+02	2.26830615e+01
1.25000000e+02	2.08056557e+01
1.50000000e+02	1.93537558e+01
1.50000000e+02	1.93537558e+01
1.75000000e+02	1.82594106e+01
2.00000000e+02	1.74350575e+01
2.50000000e+02	1.63244514e+01
2.50000000e+02	1.63244514e+01
3.00000000e+02	1.56457079e+01
3.50000000e+02	1.52070808e+01
4.00000000e+02	1.49095694e+01
4.50000000e+02	1.46994457e+01
5.00000000e+02	1.45459623e+01
5.50000000e+02	1.44306481e+01
6.00000000e+02	1.43419242e+01
6.50000000e+02	1.42722584e+01
7.00000000e+02	1.42165917e+01
7.50000000e+02	1.41714294e+01
