2.50000000e+01	3.31682281e+01
5.00000000e+01	2.79878175e+01
5.00000000e+01	2.81618612e+01
7.50000000e+01	2.56366212e+01
1.00000000e+02	2.44630721e+01
1.25000000e+02	2.75612635e+01
1.50000000e+02	2.13843901e+01
1.50000000e+02	2.14647372e+01
1.75000000e+02	2.66739495e+01
2.00000000e+02	2.31177044e+01
2.50000000e+02	1.92693492e+01
2.50000000e+02	1.92796411e+01
3.00000000e+02	2.01184717e+01
3.50000000e+02	2.50617289e+01
4.00000000e+02	2.27547167e+01
4.50000000e+02	1.88974144e+01
5.00000000e+02	1.82919973e+01
5.50000000e+02	1.92427635e+01
6.00000000e+02	1.90111719e+01
6.50000000e+02	1.99373646e+01
7.00000000e+02	2.08102668e+01
7.50000000e+02	2.06389732e+01
2.50000000e+01	2.62446250e+01
5.00000000e+01	2.46540535e+01
5.00000000e+01	2.46540535e+01
7.50000000e+01	2.31208143e+01
1.00000000e+02	2.17648627e+01
1.25000000e+02	2.07005343e+01
1.50000000e+02	1.99062457e+01
1.50000000e+02	1.99062457e+01
1.75000000e+02	1.93197409e+01
2.00000000e+02	1.88836209e+01
2.50000000e+02	1.83027272e+01
2.50000000e+02	1.83027272e+01
3.00000000e+02	1.79510938e+01
3.50000000e+02	1.77251125e+01
4.00000000e+02	1.75723704e+01
4.50000000e+02	1.74647470e+01
5.00000000e+02	1.73862646e+01
5.50000000e+02	1.73273712e+01
6.00000000e+02	1.72820993e+01
6.50000000e+02	1.72465770e+01
7.00000000e+02	1.72182085e+01
7.50000000e+02	1.71952035e+01
2.50000000e+01	2.65348192e+01
5.00000000e+01	2.55641380e+01
5.00000000e+01	2.56516016e+01
7.50000000e+01	2.22322834e+01
1.00000000e+02	1.99099377e+01
1.25000000e+02	2.04578945e+01
1.50000000e+02	2.14387425e+01
1.50000000e+02	2.14645075e+01
1.75000000e+02	2.01792580e+01
2.00000000e+02	2.02898010e+01
2.50000000e+02	1.71835656e+01
2.50000000e+02	1.72119725e+01
3.00000000e+02	1.96290553e+01
3.50000000e+02	1.76792180e+01
4.00000000e+02	1.74830858e+01
4.50000000e+02	1.63292456e+01
5.00000000e+02	1.71189104e+01
5.50000000e+02	1.69782043e+01
6.00000000e+02	1.76720814e+01
6.50000000e+02	1.73964347e+01
7.00000000e+02	1.66500792e+01
7.50000000e+02	1.62618183e+01
2.50000000e+01	3.10275446e+01
5.00000000e+01	2.91869921e+01
5.00000000e+01	2.91869921e+01
7.50000000e+01	2.73594728e+01
1.00000000e+02	2.56822257e+01
1.25000000e+02	2.43385621e+01
1.50000000e+02	2.33248979e+01
1.50000000e+02	2.33248979e+01
1.75000000e+02	2.25716709e+01
2.00000000e+02	2.20093298e+01
2.50000000e+02	2.12576516e+01
2.50000000e+02	2.12576516e+01
3.00000000e+02	2.08012746e+01
3.50000000e+02	2.05074680e+01
4.00000000e+02	2.03086634e+01
4.50000000e+02	2.01684800e+01
5.00000000e+02	2.00662004e+01
5.50000000e+02	1.99894201e+01
6.00000000e+02	1.99303815e+01
6.50000000e+02	1.98840469e+01
7.00000000e+02	1.98470371e+01
7.50000000e+02	1.98170203e+01
