2.50000000e+01	1.47720260e+01
5.00000000e+01	1.48119286e+01
5.00000000e+01	1.48540787e+01
7.50000000e+01	1.39948911e+01
1.00000000e+02	1.44538902e+01
1.25000000e+02	1.60956171e+01
1.50000000e+02	1.36292773e+01
1.50000000e+02	1.36530371e+01
1.75000000e+02	1.86470249e+01
2.00000000e+02	1.54311221e+01
2.50000000e+02	1.28619286e+01
2.50000000e+02	1.28938814e+01
3.00000000e+02	1.38518190e+01
3.50000000e+02	1.51283693e+01
4.00000000e+02	1.84604613e+01
4.50000000e+02	1.54859613e+01
5.00000000e+02	1.45340828e+01
5.50000000e+02	1.42068620e+01
6.00000000e+02	1.34078659e+01
6.50000000e+02	1.35317307e+01
7.00000000e+02	1.37119182e+01
7.50000000e+02	1.32811716e+01
2.50000000e+01	1.26799776e+01
5.00000000e+01	1.25931927e+01
5.00000000e+01	1.25931927e+01
7.50000000e+01	1.25180715e+01
1.00000000e+02	1.24583290e+01
1.25000000e+02	1.24140678e+01
1.50000000e+02	1.23820577e+01
1.50000000e+02	1.23820577e+01
1.75000000e+02	1.23588592e+01
2.00000000e+02	1.23418157e+01
2.50000000e+02	1.23193587e+01
2.50000000e+02	1.23193587e+01
3.00000000e+02	1.23058894e+01
3.50000000e+02	1.22972798e+01
4.00000000e+02	1.22914804e+01
4.50000000e+02	1.22874035e+01
5.00000000e+02	1.22844354e+01
5.50000000e+02	1.22822108e+01
6.00000000e+02	1.22805023e+01
6.50000000e+02	1.22791626e+01
7.00000000e+02	1.22780933e+01
7.50000000e+02	1.22772266e+01
2.50000000e+01	1.40178447e+01
5.00000000e+01	1.35994935e+01
5.00000000e+01	1.36161455e+01
7.50000000e+01	1.26239633e+01
1.00000000e+02	1.17235861e+01
1.25000000e+02	1.37396405e+01
1.50000000e+02	1.17983771e+01
1.50000000e+02	1.21064340e+01
1.75000000e+02	1.30280683e+01
2.00000000e+02	1.19738222e+01
2.50000000e+02	1.20750356e+01
2.50000000e+02	1.21286664e+01
3.00000000e+02	1.21964737e+01
3.50000000e+02	1.22319232e+01
4.00000000e+02	1.24209660e+01
4.50000000e+02	1.21603302e+01
5.00000000e+02	1.22002638e+01
5.50000000e+02	1.19562182e+01
6.00000000e+02	1.21244998e+01
6.50000000e+02	1.16907843e+01
7.00000000e+02	1.16384713e+01
7.50000000e+02	1.14385744e+01
2.50000000e+01	1.49786435e+01
5.00000000e+01	1.48657873e+01
5.00000000e+01	1.48657873e+01
7.50000000e+01	1.47679670e+01
1.00000000e+02	1.46900806e+01
1.25000000e+02	1.46323401e+01
1.50000000e+02	1.45905663e+01
1.50000000e+02	1.45905663e+01
1.75000000e+02	1.45602853e+01
2.00000000e+02	1.45380353e+01
2.50000000e+02	1.45087142e+01
2.50000000e+02	1.45087142e+01
3.00000000e+02	1.44911260e+01
3.50000000e+02	1.44798828e+01
4.00000000e+02	1.44723092e+01
4.50000000e+02	1.44669849e+01
5.00000000e+02	1.44631086e+01
5.50000000e+02	1.44602032e+01
6.00000000e+02	1.44579718e+01
6.50000000e+02	1.44562221e+01
7.00000000e+02	1.44548256e+01
7.50000000e+02	1.44536935e+01
