2.50000000e+01	8.37268309e+00
5.00000000e+01	8.15290256e+00
5.00000000e+01	8.17614347e+00
7.50000000e+01	8.25931842e+00
1.00000000e+02	8.13604451e+00
1.25000000e+02	7.46567504e+00
1.50000000e+02	7.01343599e+00
1.50000000e+02	7.08944870e+00
1.75000000e+02	8.27043773e+00
2.00000000e+02	7.38849419e+00
2.50000000e+02	8.20454854e+00
2.50000000e+02	8.22267228e+00
3.00000000e+02	8.31282268e+00
3.50000000e+02	1.12412755e+01
4.00000000e+02	9.06653569e+00
4.50000000e+02	8.00407641e+00
5.00000000e+02	9.21943556e+00
5.50000000e+02	7.79345621e+00
6.00000000e+02	8.56981631e+00
6.50000000e+02	7.93415097e+00
7.00000000e+02	7.27326281e+00
7.50000000e+02	7.07692373e+00
2.50000000e+01	6.42698823e+00
5.00000000e+01	6.42698324e+00
5.00000000e+01	6.42698324e+00
7.50000000e+01	6.42697894e+00
1.00000000e+02	6.42697554e+00
1.25000000e+02	6.42697302e+00
1.50000000e+02	6.42697120e+00
1.50000000e+02	6.42697120e+00
1.75000000e+02	6.42696988e+00
2.00000000e+02	6.42696891e+00
2.50000000e+02	6.42696764e+00
2.50000000e+02	6.42696764e+00
3.00000000e+02	6.42696687e+00
3.50000000e+02	6.42696638e+00
4.00000000e+02	6.42696605e+00
4.50000000e+02	6.42696582e+00
5.00000000e+02	6.42696565e+00
5.50000000e+02	6.42696553e+00
6.00000000e+02	6.42696543e+00
6.50000000e+02	6.42696536e+00
7.00000000e+02	6.42696529e+00
7.50000000e+02	6.42696525e+00
2.50000000e+01	6.88410560e+00
5.00000000e+01	6.72588251e+00
5.00000000e+01	6.72780159e+00
7.50000000e+01	6.37405295e+00
1.00000000e+02	6.54737553e+00
1.25000000e+02	6.38713329e+00
1.50000000e+02	6.84848123e+00
1.50000000e+02	6.90154402e+00
1.75000000e+02	6.74068093e+00
2.00000000e+02	6.76689872e+00
2.50000000e+02	6.01251369e+00
2.50000000e+02	6.11132274e+00
3.00000000e+02	6.16014202e+00
3.50000000e+02	6.57970272e+00
4.00000000e+02	6.44542366e+00
4.50000000e+02	6.42234211e+00
5.00000000e+02	6.29806525e+00
5.50000000e+02	6.31995656e+00
6.00000000e+02	6.02548371e+00
6.50000000e+02	5.94039641e+00
7.00000000e+02	6.06657490e+00
7.50000000e+02	6.14796999e+00
2.50000000e+01	8.13194483e+00
5.00000000e+01	8.13193832e+00
5.00000000e+01	8.13193832e+00
7.50000000e+01	8.13193270e+00
1.00000000e+02	8.13192825e+00
1.25000000e+02	8.13192496e+00
1.50000000e+02	8.13192258e+00
1.50000000e+02	8.13192258e+00
1.75000000e+02	8.13192086e+00
2.00000000e+02	8.13191960e+00
2.50000000e+02	8.13191793e+00
2.50000000e+02	8.13191793e+00
3.00000000e+02	8.13191693e+00
3.50000000e+02	8.13191629e+00
4.00000000e+02	8.13191586e+00
4.50000000e+02	8.13191556e+00
5.00000000e+02	8.13191534e+00
5.50000000e+02	8.13191518e+00
6.00000000e+02	8.13191505e+00
6.50000000e+02	8.13191495e+00
7.00000000e+02	8.13191487e+00
7.50000000e+02	8.13191481e+00
