2.50000000e+01	1.04901347e+01
5.00000000e+01	1.04786410e+01
5.00000000e+01	1.05004107e+01
7.50000000e+01	9.49818737e+00
1.00000000e+02	9.75313821e+00
1.25000000e+02	1.16010110e+01
1.50000000e+02	9.49238104e+00
1.50000000e+02	9.56228205e+00
1.75000000e+02	1.49477345e+01
2.00000000e+02	1.07472399e+01
2.50000000e+02	8.89047582e+00
2.50000000e+02	8.95019965e+00
3.00000000e+02	9.29480029e+00
3.50000000e+02	9.96700292e+00
4.00000000e+02	1.37015534e+01
4.50000000e+02	1.17446394e+01
5.00000000e+02	1.09288238e+01
5.50000000e+02	1.03608595e+01
6.00000000e+02	9.18075828e+00
6.50000000e+02	9.64299012e+00
7.00000000e+02	9.66479442e+00
7.50000000e+02	9.34155112e+00
2.50000000e+01	9.08246108e+00
5.00000000e+01	8.97576646e+00
5.00000000e+01	8.97576646e+00
7.50000000e+01	8.88331619e+00
1.00000000e+02	8.80972722e+00
1.25000000e+02	8.75518135e+00
1.50000000e+02	8.71572258e+00
1.50000000e+02	8.71572258e+00
1.75000000e+02	8.68712120e+00
2.00000000e+02	8.66610614e+00
2.50000000e+02	8.63841344e+00
2.50000000e+02	8.63841344e+00
3.00000000e+02	8.62180243e+00
3.50000000e+02	8.61118409e+00
4.00000000e+02	8.60403144e+00
4.50000000e+02	8.59900317e+00
5.00000000e+02	8.59534233e+00
5.50000000e+02	8.59259848e+00
6.00000000e+02	8.59049115e+00
6.50000000e+02	8.58883878e+00
7.00000000e+02	8.58751990e+00
7.50000000e+02	8.58645083e+00
2.50000000e+01	1.05468444e+01
5.00000000e+01	9.88559412e+00
5.00000000e+01	9.90144706e+00
7.50000000e+01	9.05570233e+00
1.00000000e+02	8.62035974e+00
1.25000000e+02	9.76262199e+00
1.50000000e+02	8.08138052e+00
1.50000000e+02	8.16195140e+00
1.75000000e+02	9.28980047e+00
2.00000000e+02	8.35257065e+00
2.50000000e+02	8.32319868e+00
2.50000000e+02	8.37288353e+00
3.00000000e+02	8.84379082e+00
3.50000000e+02	8.74949934e+00
4.00000000e+02	8.64516893e+00
4.50000000e+02	8.50985215e+00
5.00000000e+02	8.37234031e+00
5.50000000e+02	8.29784450e+00
6.00000000e+02	8.27025933e+00
6.50000000e+02	8.15756448e+00
7.00000000e+02	7.97673521e+00
7.50000000e+02	7.61646420e+00
2.50000000e+01	1.08483263e+01
5.00000000e+01	1.07097199e+01
5.00000000e+01	1.07097199e+01
7.50000000e+01	1.05894183e+01
1.00000000e+02	1.04935209e+01
1.25000000e+02	1.04223832e+01
1.50000000e+02	1.03708988e+01
1.50000000e+02	1.03708988e+01
1.75000000e+02	1.03335707e+01
2.00000000e+02	1.03061388e+01
2.50000000e+02	1.02699846e+01
2.50000000e+02	1.02699846e+01
3.00000000e+02	1.02482952e+01
3.50000000e+02	1.02344294e+01
4.00000000e+02	1.02250887e+01
4.50000000e+02	1.02185221e+01
5.00000000e+02	1.02137411e+01
5.50000000e+02	1.02101577e+01
6.00000000e+02	1.02074055e+01
6.50000000e+02	1.02052474e+01
7.00000000e+02	1.02035249e+01
7.50000000e+02	1.02021287e+01
