2.50000000e+01	1.01151556e+01
5.00000000e+01	1.02022402e+01
5.00000000e+01	1.04002876e+01
7.50000000e+01	9.62719149e+00
1.00000000e+02	9.02797358e+00
1.25000000e+02	9.61818936e+00
1.50000000e+02	8.17278453e+00
1.50000000e+02	8.20582970e+00
1.75000000e+02	8.48215255e+00
2.00000000e+02	8.83238099e+00
2.50000000e+02	9.74982021e+00
2.50000000e+02	9.81067230e+00
3.00000000e+02	9.47232210e+00
3.50000000e+02	8.25421892e+00
4.00000000e+02	8.86313240e+00
4.50000000e+02	7.52613507e+00
5.00000000e+02	7.28103803e+00
5.50000000e+02	7.40854833e+00
6.00000000e+02	7.33321561e+00
6.50000000e+02	7.50880499e+00
7.00000000e+02	7.42457880e+00
7.50000000e+02	7.27155509e+00
2.50000000e+01	9.68108434e+00
5.00000000e+01	9.22180112e+00
5.00000000e+01	9.22180112e+00
7.50000000e+01	8.81601911e+00
1.00000000e+02	8.48746637e+00
1.25000000e+02	8.24166147e+00
1.50000000e+02	8.06292779e+00
1.50000000e+02	8.06292779e+00
1.75000000e+02	7.93297068e+00
2.00000000e+02	7.83729020e+00
2.50000000e+02	7.71097573e+00
2.50000000e+02	7.71097573e+00
3.00000000e+02	7.63508909e+00
3.50000000e+02	7.58653490e+00
4.00000000e+02	7.55380895e+00
4.50000000e+02	7.53079363e+00
5.00000000e+02	7.51403259e+00
5.50000000e+02	7.50146737e+00
6.00000000e+02	7.49181551e+00
6.50000000e+02	7.48424655e+00
7.00000000e+02	7.47820461e+00
7.50000000e+02	7.47330675e+00
2.50000000e+01	9.36798146e+00
5.00000000e+01	9.31546161e+00
5.00000000e+01	9.43187492e+00
7.50000000e+01	9.16630441e+00
1.00000000e+02	8.79056663e+00
1.25000000e+02	8.53505264e+00
1.50000000e+02	8.91611812e+00
1.50000000e+02	8.91951444e+00
1.75000000e+02	8.50590590e+00
2.00000000e+02	7.60651221e+00
2.50000000e+02	7.32698942e+00
2.50000000e+02	7.33301286e+00
3.00000000e+02	7.84364602e+00
3.50000000e+02	7.35421579e+00
4.00000000e+02	7.25457003e+00
4.50000000e+02	7.23116100e+00
5.00000000e+02	7.45779673e+00
5.50000000e+02	7.32211341e+00
6.00000000e+02	7.18551540e+00
6.50000000e+02	7.27308165e+00
7.00000000e+02	7.15845887e+00
7.50000000e+02	7.14267571e+00
2.50000000e+01	1.08086143e+01
5.00000000e+01	1.02235055e+01
5.00000000e+01	1.02235055e+01
7.50000000e+01	9.70262720e+00
1.00000000e+02	9.27798268e+00
1.25000000e+02	8.95910054e+00
1.50000000e+02	8.72675234e+00
1.50000000e+02	8.72675234e+00
1.75000000e+02	8.55760329e+00
2.00000000e+02	8.43296776e+00
2.50000000e+02	8.26830862e+00
2.50000000e+02	8.26830862e+00
3.00000000e+02	8.16932423e+00
3.50000000e+02	8.10596849e+00
4.00000000e+02	8.06325628e+00
4.50000000e+02	8.03321319e+00
5.00000000e+02	8.01133172e+00
5.50000000e+02	7.99492655e+00
6.00000000e+02	7.98232430e+00
6.50000000e+02	7.97244119e+00
7.00000000e+02	7.96455169e+00
7.50000000e+02	7.95815591e+00
