2.50000000e+01	1.20046668e+01
5.00000000e+01	1.22177883e+01
5.00000000e+01	1.22408740e+01
7.50000000e+01	1.27724214e+01
1.00000000e+02	1.10970357e+01
1.25000000e+02	1.21189879e+01
1.50000000e+02	1.17554012e+01
1.50000000e+02	1.18144746e+01
1.75000000e+02	1.11813146e+01
2.00000000e+02	1.14127192e+01
2.50000000e+02	1.05672758e+01
2.50000000e+02	1.05699854e+01
3.00000000e+02	1.12599087e+01
3.50000000e+02	1.48215946e+01
4.00000000e+02	1.18464825e+01
4.50000000e+02	1.17987186e+01
5.00000000e+02	1.17225646e+01
5.50000000e+02	1.24044793e+01
6.00000000e+02	1.25163163e+01
6.50000000e+02	1.08582717e+01
7.00000000e+02	1.15469539e+01
7.50000000e+02	1.09338421e+01
2.50000000e+01	1.03215084e+01
5.00000000e+01	1.02217562e+01
5.00000000e+01	1.02217562e+01
7.50000000e+01	1.01353525e+01
1.00000000e+02	1.00665978e+01
1.25000000e+02	1.00156438e+01
1.50000000e+02	9.97878690e+00
1.50000000e+02	9.97878690e+00
1.75000000e+02	9.95207297e+00
2.00000000e+02	9.93244546e+00
2.50000000e+02	9.90658208e+00
2.50000000e+02	9.90658208e+00
3.00000000e+02	9.89106879e+00
3.50000000e+02	9.88115233e+00
4.00000000e+02	9.87447255e+00
4.50000000e+02	9.86977674e+00
5.00000000e+02	9.86635796e+00
5.50000000e+02	9.86379555e+00
6.00000000e+02	9.86182757e+00
6.50000000e+02	9.86028447e+00
7.00000000e+02	9.85905281e+00
7.50000000e+02	9.85805445e+00
2.50000000e+01	1.10085435e+01
5.00000000e+01	1.06117324e+01
5.00000000e+01	1.06506535e+01
7.50000000e+01	1.11274223e+01
1.00000000e+02	1.01536952e+01
1.25000000e+02	1.02283980e+01
1.50000000e+02	9.58494982e+00
1.50000000e+02	9.64503047e+00
1.75000000e+02	1.02024143e+01
2.00000000e+02	8.86865830e+00
2.50000000e+02	9.28723790e+00
2.50000000e+02	9.53850249e+00
3.00000000e+02	1.10104083e+01
3.50000000e+02	9.94823296e+00
4.00000000e+02	1.02757233e+01
4.50000000e+02	9.84406937e+00
5.00000000e+02	9.86987927e+00
5.50000000e+02	9.85854787e+00
6.00000000e+02	9.36098423e+00
6.50000000e+02	9.58328146e+00
7.00000000e+02	9.67008274e+00
7.50000000e+02	9.17757056e+00
2.50000000e+01	1.22376666e+01
5.00000000e+01	1.21080330e+01
5.00000000e+01	1.21080330e+01
7.50000000e+01	1.19955721e+01
1.00000000e+02	1.19059613e+01
1.25000000e+02	1.18395016e+01
1.50000000e+02	1.17914087e+01
1.50000000e+02	1.17914087e+01
1.75000000e+02	1.17565423e+01
2.00000000e+02	1.17309206e+01
2.50000000e+02	1.16971537e+01
2.50000000e+02	1.16971537e+01
3.00000000e+02	1.16768972e+01
3.50000000e+02	1.16639478e+01
4.00000000e+02	1.16552246e+01
4.50000000e+02	1.16490921e+01
5.00000000e+02	1.16446272e+01
5.50000000e+02	1.16412807e+01
6.00000000e+02	1.16387105e+01
6.50000000e+02	1.16366951e+01
7.00000000e+02	1.16350865e+01
7.50000000e+02	1.16337826e+01
