2.50000000e+01	9.11240222e+00
5.00000000e+01	9.21946808e+00
5.00000000e+01	9.22374452e+00
7.50000000e+01	9.55412243e+00
1.00000000e+02	9.24558545e+00
1.25000000e+02	8.55605698e+00
1.50000000e+02	9.01202019e+00
1.50000000e+02	9.07217257e+00
1.75000000e+02	1.12015407e+01
2.00000000e+02	8.87195438e+00
2.50000000e+02	1.01992846e+01
2.50000000e+02	1.02635414e+01
3.00000000e+02	1.11333238e+01
3.50000000e+02	1.13405804e+01
4.00000000e+02	9.59885937e+00
4.50000000e+02	1.00736708e+01
5.00000000e+02	1.17231338e+01
5.50000000e+02	9.46479768e+00
6.00000000e+02	1.02065981e+01
6.50000000e+02	9.44002072e+00
7.00000000e+02	8.79426281e+00
7.50000000e+02	8.58183887e+00
2.50000000e+01	8.95220860e+00
5.00000000e+01	8.95219730e+00
5.00000000e+01	8.95219730e+00
7.50000000e+01	8.95218757e+00
1.00000000e+02	8.95217986e+00
1.25000000e+02	8.95217416e+00
1.50000000e+02	8.95217004e+00
1.50000000e+02	8.95217004e+00
1.75000000e+02	8.95216706e+00
2.00000000e+02	8.95216487e+00
2.50000000e+02	8.95216198e+00
2.50000000e+02	8.95216198e+00
3.00000000e+02	8.95216025e+00
3.50000000e+02	8.95215915e+00
4.00000000e+02	8.95215840e+00
4.50000000e+02	8.95215788e+00
5.00000000e+02	8.95215750e+00
5.50000000e+02	8.95215721e+00
6.00000000e+02	8.95215700e+00
6.50000000e+02	8.95215682e+00
7.00000000e+02	8.95215669e+00
7.50000000e+02	8.95215657e+00
2.50000000e+01	9.54038603e+00
5.00000000e+01	9.49413389e+00
5.00000000e+01	9.58955913e+00
7.50000000e+01	8.37649441e+00
1.00000000e+02	8.81432284e+00
1.25000000e+02	1.02291683e+01
1.50000000e+02	8.86494467e+00
1.50000000e+02	8.90752696e+00
1.75000000e+02	8.82976662e+00
2.00000000e+02	9.59242270e+00
2.50000000e+02	8.32231240e+00
2.50000000e+02	8.34418756e+00
3.00000000e+02	1.00768886e+01
3.50000000e+02	8.86014945e+00
4.00000000e+02	9.12541069e+00
4.50000000e+02	8.85668287e+00
5.00000000e+02	8.57018962e+00
5.50000000e+02	8.67493538e+00
6.00000000e+02	8.50564189e+00
6.50000000e+02	8.49326610e+00
7.00000000e+02	8.62017887e+00
7.50000000e+02	8.39000887e+00
2.50000000e+01	9.70594728e+00
5.00000000e+01	9.70593253e+00
5.00000000e+01	9.70593253e+00
7.50000000e+01	9.70591982e+00
1.00000000e+02	9.70590975e+00
1.25000000e+02	9.70590230e+00
1.50000000e+02	9.70589692e+00
1.50000000e+02	9.70589692e+00
1.75000000e+02	9.70589303e+00
2.00000000e+02	9.70589017e+00
2.50000000e+02	9.70588640e+00
2.50000000e+02	9.70588640e+00
3.00000000e+02	9.70588414e+00
3.50000000e+02	9.70588270e+00
4.00000000e+02	9.70588172e+00
4.50000000e+02	9.70588104e+00
5.00000000e+02	9.70588054e+00
5.50000000e+02	9.70588017e+00
6.00000000e+02	9.70587988e+00
6.50000000e+02	9.70587966e+00
7.00000000e+02	9.70587948e+00
7.50000000e+02	9.70587933e+00
