2.50000000e+01	9.59761684e+00
5.00000000e+01	9.74364243e+00
5.00000000e+01	9.74561244e+00
7.50000000e+01	9.64500171e+00
1.00000000e+02	8.63243770e+00
1.25000000e+02	1.01381412e+01
1.50000000e+02	7.91426034e+00
1.50000000e+02	7.95784690e+00
1.75000000e+02	9.62224661e+00
2.00000000e+02	1.09886965e+01
2.50000000e+02	1.07176192e+01
2.50000000e+02	1.07496180e+01
3.00000000e+02	1.02864370e+01
3.50000000e+02	9.31809363e+00
4.00000000e+02	1.00938728e+01
4.50000000e+02	9.55812085e+00
5.00000000e+02	9.06008045e+00
5.50000000e+02	8.66205684e+00
6.00000000e+02	8.50687079e+00
6.50000000e+02	8.30750239e+00
7.00000000e+02	7.51212815e+00
7.50000000e+02	6.81960512e+00
2.50000000e+01	8.20130307e+00
5.00000000e+01	8.06050305e+00
5.00000000e+01	8.06050305e+00
7.50000000e+01	7.93828333e+00
1.00000000e+02	7.84084913e+00
1.25000000e+02	7.76856816e+00
1.50000000e+02	7.71625542e+00
1.50000000e+02	7.71625542e+00
1.75000000e+02	7.67832625e+00
2.00000000e+02	7.65045241e+00
2.50000000e+02	7.61371540e+00
2.50000000e+02	7.61371540e+00
3.00000000e+02	7.59167616e+00
3.50000000e+02	7.57758671e+00
4.00000000e+02	7.56809538e+00
4.50000000e+02	7.56142279e+00
5.00000000e+02	7.55656467e+00
5.50000000e+02	7.55292337e+00
6.00000000e+02	7.55012674e+00
6.50000000e+02	7.54793387e+00
7.00000000e+02	7.54618356e+00
7.50000000e+02	7.54476477e+00
2.50000000e+01	8.36972598e+00
5.00000000e+01	8.35673794e+00
5.00000000e+01	8.44251841e+00
7.50000000e+01	8.06720918e+00
1.00000000e+02	8.01822031e+00
1.25000000e+02	7.69870610e+00
1.50000000e+02	8.22737447e+00
1.50000000e+02	8.38273312e+00
1.75000000e+02	8.81943997e+00
2.00000000e+02	7.89498012e+00
2.50000000e+02	7.33620114e+00
2.50000000e+02	7.34656144e+00
3.00000000e+02	8.33336905e+00
3.50000000e+02	8.13352063e+00
4.00000000e+02	7.75562992e+00
4.50000000e+02	7.38587487e+00
5.00000000e+02	7.31073308e+00
5.50000000e+02	6.78306711e+00
6.00000000e+02	6.77351060e+00
6.50000000e+02	6.98853624e+00
7.00000000e+02	6.65651856e+00
7.50000000e+02	6.58188586e+00
2.50000000e+01	9.88043515e+00
5.00000000e+01	9.69784368e+00
5.00000000e+01	9.69784368e+00
7.50000000e+01	9.53899713e+00
1.00000000e+02	9.41211936e+00
1.25000000e+02	9.31789672e+00
1.50000000e+02	9.24966368e+00
1.50000000e+02	9.24966368e+00
1.75000000e+02	9.20017398e+00
2.00000000e+02	9.16379593e+00
2.50000000e+02	9.11584054e+00
2.50000000e+02	9.11584054e+00
3.00000000e+02	9.08706601e+00
3.50000000e+02	9.06866882e+00
4.00000000e+02	9.05627476e+00
4.50000000e+02	9.04756109e+00
5.00000000e+02	9.04121672e+00
5.50000000e+02	9.03646133e+00
6.00000000e+02	9.03280896e+00
6.50000000e+02	9.02994507e+00
7.00000000e+02	9.02765913e+00
7.50000000e+02	9.02580615e+00
