2.50000000e+01	4.76420113e+01
5.00000000e+01	4.15478255e+01
5.00000000e+01	4.17156546e+01
7.50000000e+01	3.94239572e+01
1.00000000e+02	3.83879165e+01
1.25000000e+02	3.26368322e+01
1.50000000e+02	3.51186443e+01
1.50000000e+02	3.52599974e+01
1.75000000e+02	3.12784515e+01
2.00000000e+02	2.57303278e+01
2.50000000e+02	2.82847198e+01
2.50000000e+02	2.82920573e+01
3.00000000e+02	2.67437481e+01
3.50000000e+02	2.45610645e+01
4.00000000e+02	2.26299335e+01
4.50000000e+02	2.17489797e+01
5.00000000e+02	2.12388580e+01
5.50000000e+02	2.08276554e+01
6.00000000e+02	2.03100016e+01
6.50000000e+02	2.01216932e+01
7.00000000e+02	1.99934517e+01
7.50000000e+02	2.00910256e+01
2.50000000e+01	3.99688907e+01
5.00000000e+01	3.83368826e+01
5.00000000e+01	3.83368826e+01
7.50000000e+01	3.66624973e+01
1.00000000e+02	3.47081600e+01
1.25000000e+02	3.23902235e+01
1.50000000e+02	3.01148128e+01
1.50000000e+02	3.01148128e+01
1.75000000e+02	2.81576769e+01
2.00000000e+02	2.65538527e+01
2.50000000e+02	2.42470356e+01
2.50000000e+02	2.42470356e+01
3.00000000e+02	2.27624600e+01
3.50000000e+02	2.17760727e+01
4.00000000e+02	2.10958129e+01
4.50000000e+02	2.06101709e+01
5.00000000e+02	2.02528149e+01
5.50000000e+02	1.99829096e+01
6.00000000e+02	1.97744291e+01
6.50000000e+02	1.96102432e+01
7.00000000e+02	1.94787450e+01
7.50000000e+02	1.93718639e+01
2.50000000e+01	3.94095805e+01
5.00000000e+01	3.65801631e+01
5.00000000e+01	3.69985483e+01
7.50000000e+01	3.32131331e+01
1.00000000e+02	3.13531342e+01
1.25000000e+02	3.21500037e+01
1.50000000e+02	2.80045856e+01
1.50000000e+02	2.81140229e+01
1.75000000e+02	2.67378268e+01
2.00000000e+02	2.59112474e+01
2.50000000e+02	2.60648863e+01
2.50000000e+02	2.60660627e+01
3.00000000e+02	2.40517132e+01
3.50000000e+02	2.26009088e+01
4.00000000e+02	2.15858811e+01
4.50000000e+02	2.08320078e+01
5.00000000e+02	2.02913068e+01
5.50000000e+02	2.01869341e+01
6.00000000e+02	2.00820824e+01
6.50000000e+02	1.98955559e+01
7.00000000e+02	1.95712578e+01
7.50000000e+02	1.96961266e+01
2.50000000e+01	4.24639323e+01
5.00000000e+01	4.09260633e+01
5.00000000e+01	4.09260633e+01
7.50000000e+01	3.94237667e+01
1.00000000e+02	3.78149920e+01
1.25000000e+02	3.57000871e+01
1.50000000e+02	3.33605067e+01
1.50000000e+02	3.33605067e+01
1.75000000e+02	3.11983664e+01
2.00000000e+02	2.93486379e+01
2.50000000e+02	2.65960540e+01
2.50000000e+02	2.65960540e+01
3.00000000e+02	2.47782502e+01
3.50000000e+02	2.35537441e+01
4.00000000e+02	2.27023099e+01
4.50000000e+02	2.20912330e+01
5.00000000e+02	2.16399396e+01
5.50000000e+02	2.12981968e+01
6.00000000e+02	2.10337175e+01
6.50000000e+02	2.08251238e+01
7.00000000e+02	2.06578671e+01
7.50000000e+02	2.05217973e+01
