2.50000000e+01	8.00142348e+00
5.00000000e+01	7.56412056e+00
5.00000000e+01	7.67505771e+00
7.50000000e+01	7.49354251e+00
1.00000000e+02	7.46436178e+00
1.25000000e+02	7.62214090e+00
1.50000000e+02	7.56393492e+00
1.50000000e+02	7.60756402e+00
1.75000000e+02	8.40315807e+00
2.00000000e+02	7.74943194e+00
2.50000000e+02	7.59302942e+00
2.50000000e+02	7.63281685e+00
3.00000000e+02	7.43692766e+00
3.50000000e+02	7.49749756e+00
4.00000000e+02	7.67009147e+00
4.50000000e+02	7.76492539e+00
5.00000000e+02	7.66349959e+00
5.50000000e+02	7.58818080e+00
6.00000000e+02	7.67405761e+00
6.50000000e+02	7.77974755e+00
7.00000000e+02	7.78623394e+00
7.50000000e+02	7.69581474e+00
2.50000000e+01	8.35555386e+00
5.00000000e+01	8.34744075e+00
5.00000000e+01	8.34744075e+00
7.50000000e+01	8.34044609e+00
1.00000000e+02	8.33490241e+00
1.25000000e+02	8.33080299e+00
1.50000000e+02	8.32784134e+00
1.50000000e+02	8.32784134e+00
1.75000000e+02	8.32569632e+00
2.00000000e+02	8.32412107e+00
2.50000000e+02	8.32204626e+00
2.50000000e+02	8.32204626e+00
3.00000000e+02	8.32080222e+00
3.50000000e+02	8.32000718e+00
4.00000000e+02	8.31947171e+00
4.50000000e+02	8.31909532e+00
5.00000000e+02	8.31882130e+00
5.50000000e+02	8.31861593e+00
6.00000000e+02	8.31845822e+00
6.50000000e+02	8.31833455e+00
7.00000000e+02	8.31823585e+00
7.50000000e+02	8.31815584e+00
2.50000000e+01	8.88431001e+00
5.00000000e+01	8.24996842e+00
5.00000000e+01	8.37397391e+00
7.50000000e+01	7.99483244e+00
1.00000000e+02	8.26740859e+00
1.25000000e+02	8.83606264e+00
1.50000000e+02	7.99672369e+00
1.50000000e+02	8.01178794e+00
1.75000000e+02	7.98377145e+00
2.00000000e+02	8.25565903e+00
2.50000000e+02	8.17298303e+00
2.50000000e+02	8.25883033e+00
3.00000000e+02	8.19417596e+00
3.50000000e+02	8.45989521e+00
4.00000000e+02	8.45211136e+00
4.50000000e+02	8.36390748e+00
5.00000000e+02	8.42748151e+00
5.50000000e+02	8.37501197e+00
6.00000000e+02	8.40913619e+00
6.50000000e+02	8.43288188e+00
7.00000000e+02	8.44017844e+00
7.50000000e+02	8.37824046e+00
2.50000000e+01	7.71488144e+00
5.00000000e+01	7.70428952e+00
5.00000000e+01	7.70428952e+00
7.50000000e+01	7.69515663e+00
1.00000000e+02	7.68791741e+00
1.25000000e+02	7.68256381e+00
1.50000000e+02	7.67869591e+00
1.50000000e+02	7.67869591e+00
1.75000000e+02	7.67589446e+00
2.00000000e+02	7.67383711e+00
2.50000000e+02	7.67112728e+00
2.50000000e+02	7.67112728e+00
3.00000000e+02	7.66950246e+00
3.50000000e+02	7.66846407e+00
4.00000000e+02	7.66776469e+00
4.50000000e+02	7.66727309e+00
5.00000000e+02	7.66691520e+00
5.50000000e+02	7.66664697e+00
6.00000000e+02	7.66644097e+00
6.50000000e+02	7.66627945e+00
7.00000000e+02	7.66615053e+00
7.50000000e+02	7.66604604e+00
