2.50000000e+01	8.80423310e+00
5.00000000e+01	8.26014668e+00
5.00000000e+01	8.35426196e+00
7.50000000e+01	8.03418181e+00
1.00000000e+02	7.80907979e+00
1.25000000e+02	7.54860899e+00
1.50000000e+02	7.68089169e+00
1.50000000e+02	7.68990782e+00
1.75000000e+02	7.40386434e+00
2.00000000e+02	7.60213517e+00
2.50000000e+02	7.75201429e+00
2.50000000e+02	7.75696935e+00
3.00000000e+02	7.71492065e+00
3.50000000e+02	7.59366568e+00
4.00000000e+02	7.46589637e+00
4.50000000e+02	7.52776541e+00
5.00000000e+02	7.60280194e+00
5.50000000e+02	7.56421905e+00
6.00000000e+02	7.49809444e+00
6.50000000e+02	7.39338784e+00
7.00000000e+02	7.50825259e+00
7.50000000e+02	7.68601513e+00
2.50000000e+01	9.22360368e+00
5.00000000e+01	9.05275173e+00
5.00000000e+01	9.05275173e+00
7.50000000e+01	8.90421005e+00
1.00000000e+02	8.78563624e+00
1.25000000e+02	8.69761011e+00
1.50000000e+02	8.63387758e+00
1.50000000e+02	8.63387758e+00
1.75000000e+02	8.58765757e+00
2.00000000e+02	8.55368571e+00
2.50000000e+02	8.50890538e+00
2.50000000e+02	8.50890538e+00
3.00000000e+02	8.48203754e+00
3.50000000e+02	8.46486001e+00
4.00000000e+02	8.45328785e+00
4.50000000e+02	8.44515214e+00
5.00000000e+02	8.43922864e+00
5.50000000e+02	8.43478874e+00
6.00000000e+02	8.43137871e+00
6.50000000e+02	8.42870484e+00
7.00000000e+02	8.42657059e+00
7.50000000e+02	8.42484057e+00
2.50000000e+01	9.66965065e+00
5.00000000e+01	9.08550165e+00
5.00000000e+01	9.11384283e+00
7.50000000e+01	8.89359356e+00
1.00000000e+02	8.85371327e+00
1.25000000e+02	8.26024778e+00
1.50000000e+02	8.43769123e+00
1.50000000e+02	8.55383281e+00
1.75000000e+02	8.72434826e+00
2.00000000e+02	8.60115957e+00
2.50000000e+02	8.62544744e+00
2.50000000e+02	8.71310346e+00
3.00000000e+02	8.58887248e+00
3.50000000e+02	8.37090712e+00
4.00000000e+02	8.39644989e+00
4.50000000e+02	8.35114703e+00
5.00000000e+02	8.48591195e+00
5.50000000e+02	8.28559623e+00
6.00000000e+02	8.47262480e+00
6.50000000e+02	8.31198957e+00
7.00000000e+02	8.39194556e+00
7.50000000e+02	8.42222863e+00
2.50000000e+01	8.52689493e+00
5.00000000e+01	8.30566553e+00
5.00000000e+01	8.30566553e+00
7.50000000e+01	8.11280631e+00
1.00000000e+02	7.95849546e+00
1.25000000e+02	7.84379293e+00
1.50000000e+02	7.76068738e+00
1.50000000e+02	7.76068738e+00
1.75000000e+02	7.70039187e+00
2.00000000e+02	7.65606210e+00
2.50000000e+02	7.59761361e+00
2.50000000e+02	7.59761361e+00
3.00000000e+02	7.56253738e+00
3.50000000e+02	7.54010908e+00
4.00000000e+02	7.52499836e+00
4.50000000e+02	7.51437431e+00
5.00000000e+02	7.50663878e+00
5.50000000e+02	7.50084053e+00
6.00000000e+02	7.49638713e+00
6.50000000e+02	7.49289508e+00
7.00000000e+02	7.49010772e+00
7.50000000e+02	7.48784829e+00
