2.50000000e+01	1.11754212e+01
5.00000000e+01	1.07667855e+01
5.00000000e+01	1.08970769e+01
7.50000000e+01	1.06689517e+01
1.00000000e+02	1.05893923e+01
1.25000000e+02	1.08026477e+01
1.50000000e+02	1.08513431e+01
1.50000000e+02	1.08740723e+01
1.75000000e+02	1.09155140e+01
2.00000000e+02	1.09002246e+01
2.50000000e+02	1.06946736e+01
2.50000000e+02	1.06984277e+01
3.00000000e+02	1.04218518e+01
3.50000000e+02	1.04459983e+01
4.00000000e+02	1.07287879e+01
4.50000000e+02	1.06970379e+01
5.00000000e+02	1.04696137e+01
5.50000000e+02	1.03567795e+01
6.00000000e+02	1.04045242e+01
6.50000000e+02	1.05903807e+01
7.00000000e+02	1.06094562e+01
7.50000000e+02	1.05181838e+01
2.50000000e+01	1.03292176e+01
5.00000000e+01	1.02473269e+01
5.00000000e+01	1.02473269e+01
7.50000000e+01	1.01764614e+01
1.00000000e+02	1.01201034e+01
1.25000000e+02	1.00783494e+01
1.50000000e+02	1.00481506e+01
1.50000000e+02	1.00481506e+01
1.75000000e+02	1.00262645e+01
2.00000000e+02	1.00101849e+01
2.50000000e+02	9.98899782e+00
2.50000000e+02	9.98899782e+00
3.00000000e+02	9.97629007e+00
3.50000000e+02	9.96816723e+00
4.00000000e+02	9.96269575e+00
4.50000000e+02	9.95884942e+00
5.00000000e+02	9.95604913e+00
5.50000000e+02	9.95395030e+00
6.00000000e+02	9.95233837e+00
6.50000000e+02	9.95107446e+00
7.00000000e+02	9.95006565e+00
7.50000000e+02	9.94924792e+00
2.50000000e+01	1.06509664e+01
5.00000000e+01	1.02325768e+01
5.00000000e+01	1.03133581e+01
7.50000000e+01	9.86501989e+00
1.00000000e+02	1.00470019e+01
1.25000000e+02	1.02562788e+01
1.50000000e+02	1.01052073e+01
1.50000000e+02	1.01128391e+01
1.75000000e+02	1.03099482e+01
2.00000000e+02	9.96264624e+00
2.50000000e+02	1.01263001e+01
2.50000000e+02	1.01486448e+01
3.00000000e+02	9.97999851e+00
3.50000000e+02	9.85287299e+00
4.00000000e+02	9.79057114e+00
4.50000000e+02	9.80849189e+00
5.00000000e+02	9.88876600e+00
5.50000000e+02	9.91739642e+00
6.00000000e+02	9.89150260e+00
6.50000000e+02	9.86307124e+00
7.00000000e+02	9.90645744e+00
7.50000000e+02	9.87590684e+00
2.50000000e+01	1.10613992e+01
5.00000000e+01	1.09549061e+01
5.00000000e+01	1.09549061e+01
7.50000000e+01	1.08626338e+01
1.00000000e+02	1.07891648e+01
1.25000000e+02	1.07346986e+01
1.50000000e+02	1.06952906e+01
1.50000000e+02	1.06952906e+01
1.75000000e+02	1.06667240e+01
2.00000000e+02	1.06457330e+01
2.50000000e+02	1.06180709e+01
2.50000000e+02	1.06180709e+01
3.00000000e+02	1.06014777e+01
3.50000000e+02	1.05908705e+01
4.00000000e+02	1.05837253e+01
4.50000000e+02	1.05787023e+01
5.00000000e+02	1.05750452e+01
5.50000000e+02	1.05723042e+01
6.00000000e+02	1.05701991e+01
6.50000000e+02	1.05685484e+01
7.00000000e+02	1.05672309e+01
7.50000000e+02	1.05661629e+01
