2.50000000e+01	8.27831357e+00
5.00000000e+01	7.73292379e+00
5.00000000e+01	7.89767996e+00
7.50000000e+01	7.94683986e+00
1.00000000e+02	7.60147325e+00
1.25000000e+02	7.59370622e+00
1.50000000e+02	7.37641739e+00
1.50000000e+02	7.39776143e+00
1.75000000e+02	7.17911495e+00
2.00000000e+02	7.46482388e+00
2.50000000e+02	7.89032545e+00
2.50000000e+02	7.91468534e+00
3.00000000e+02	8.03521340e+00
3.50000000e+02	7.90720690e+00
4.00000000e+02	7.71381407e+00
4.50000000e+02	7.74445571e+00
5.00000000e+02	7.87777578e+00
5.50000000e+02	7.93552675e+00
6.00000000e+02	7.77745664e+00
6.50000000e+02	7.65749961e+00
7.00000000e+02	7.73801726e+00
7.50000000e+02	7.83066308e+00
2.50000000e+01	8.09203035e+00
5.00000000e+01	8.01976541e+00
5.00000000e+01	8.01976541e+00
7.50000000e+01	7.95725903e+00
1.00000000e+02	7.90758356e+00
1.25000000e+02	7.87079478e+00
1.50000000e+02	7.84419478e+00
1.50000000e+02	7.84419478e+00
1.75000000e+02	7.82491966e+00
2.00000000e+02	7.81075991e+00
2.50000000e+02	7.79210409e+00
2.50000000e+02	7.79210409e+00
3.00000000e+02	7.78091536e+00
3.50000000e+02	7.77376376e+00
4.00000000e+02	7.76894662e+00
4.50000000e+02	7.76556032e+00
5.00000000e+02	7.76309499e+00
5.50000000e+02	7.76124722e+00
6.00000000e+02	7.75982812e+00
6.50000000e+02	7.75871541e+00
7.00000000e+02	7.75782728e+00
7.50000000e+02	7.75710738e+00
2.50000000e+01	8.68569885e+00
5.00000000e+01	8.14718916e+00
5.00000000e+01	8.18593620e+00
7.50000000e+01	7.94793704e+00
1.00000000e+02	7.77866457e+00
1.25000000e+02	7.12349892e+00
1.50000000e+02	7.56797860e+00
1.50000000e+02	7.59230629e+00
1.75000000e+02	7.67415274e+00
2.00000000e+02	7.85558334e+00
2.50000000e+02	8.04008588e+00
2.50000000e+02	8.04707907e+00
3.00000000e+02	7.86353701e+00
3.50000000e+02	7.84715464e+00
4.00000000e+02	7.75193010e+00
4.50000000e+02	7.79003152e+00
5.00000000e+02	7.78884508e+00
5.50000000e+02	7.74586295e+00
6.00000000e+02	7.84415377e+00
6.50000000e+02	7.75502254e+00
7.00000000e+02	7.65176596e+00
7.50000000e+02	7.77448148e+00
2.50000000e+01	8.08110877e+00
5.00000000e+01	7.98705982e+00
5.00000000e+01	7.98705982e+00
7.50000000e+01	7.90561987e+00
1.00000000e+02	7.84083504e+00
1.25000000e+02	7.79283129e+00
1.50000000e+02	7.75811218e+00
1.50000000e+02	7.75811218e+00
1.75000000e+02	7.73294927e+00
2.00000000e+02	7.71446212e+00
2.50000000e+02	7.69010229e+00
2.50000000e+02	7.69010229e+00
3.00000000e+02	7.67549130e+00
3.50000000e+02	7.66615176e+00
4.00000000e+02	7.65986067e+00
4.50000000e+02	7.65543813e+00
5.00000000e+02	7.65221832e+00
5.50000000e+02	7.64980506e+00
6.00000000e+02	7.64795162e+00
6.50000000e+02	7.64649835e+00
7.00000000e+02	7.64533838e+00
7.50000000e+02	7.64439813e+00
