2.50000000e+01	2.14894427e+01
5.00000000e+01	2.13751867e+01
5.00000000e+01	2.15029448e+01
7.50000000e+01	2.19179223e+01
1.00000000e+02	2.07590137e+01
1.25000000e+02	2.12909652e+01
1.50000000e+02	2.16748027e+01
1.50000000e+02	2.17901665e+01
1.75000000e+02	2.29956255e+01
2.00000000e+02	2.24714924e+01
2.50000000e+02	2.17667228e+01
2.50000000e+02	2.17851421e+01
3.00000000e+02	2.04543361e+01
3.50000000e+02	1.99928584e+01
4.00000000e+02	1.96372581e+01
4.50000000e+02	1.94421625e+01
5.00000000e+02	1.94722674e+01
5.50000000e+02	1.93782660e+01
6.00000000e+02	1.92228546e+01
6.50000000e+02	1.94048741e+01
7.00000000e+02	1.96330999e+01
7.50000000e+02	1.93270643e+01
2.50000000e+01	1.87883142e+01
5.00000000e+01	1.92349366e+01
5.00000000e+01	1.92349366e+01
7.50000000e+01	1.92309032e+01
1.00000000e+02	1.92885691e+01
1.25000000e+02	1.91574167e+01
1.50000000e+02	1.88417001e+01
1.50000000e+02	1.88417001e+01
1.75000000e+02	1.84763878e+01
2.00000000e+02	1.81301572e+01
2.50000000e+02	1.75903432e+01
2.50000000e+02	1.75903432e+01
3.00000000e+02	1.72262867e+01
3.50000000e+02	1.69804231e+01
4.00000000e+02	1.68098149e+01
4.50000000e+02	1.66877294e+01
5.00000000e+02	1.65978218e+01
5.50000000e+02	1.65299066e+01
6.00000000e+02	1.64774549e+01
6.50000000e+02	1.64361577e+01
7.00000000e+02	1.64030918e+01
7.50000000e+02	1.63762237e+01
2.50000000e+01	1.92291959e+01
5.00000000e+01	1.85656594e+01
5.00000000e+01	1.86532693e+01
7.50000000e+01	1.83715350e+01
1.00000000e+02	1.89193009e+01
1.25000000e+02	1.78818565e+01
1.50000000e+02	1.81024200e+01
1.50000000e+02	1.81292055e+01
1.75000000e+02	1.83275729e+01
2.00000000e+02	1.73834116e+01
2.50000000e+02	1.76044312e+01
2.50000000e+02	1.79329404e+01
3.00000000e+02	1.76974575e+01
3.50000000e+02	1.71949163e+01
4.00000000e+02	1.73971956e+01
4.50000000e+02	1.63797061e+01
5.00000000e+02	1.70362939e+01
5.50000000e+02	1.70125350e+01
6.00000000e+02	1.70181039e+01
6.50000000e+02	1.69750094e+01
7.00000000e+02	1.72759170e+01
7.50000000e+02	1.70484747e+01
2.50000000e+01	2.06932955e+01
5.00000000e+01	2.13806304e+01
5.00000000e+01	2.13806304e+01
7.50000000e+01	2.16312861e+01
1.00000000e+02	2.19634524e+01
1.25000000e+02	2.21649671e+01
1.50000000e+02	2.20638518e+01
1.50000000e+02	2.20638518e+01
1.75000000e+02	2.17866756e+01
2.00000000e+02	2.14608777e+01
2.50000000e+02	2.08919528e+01
2.50000000e+02	2.08919528e+01
3.00000000e+02	2.04833060e+01
3.50000000e+02	2.02000379e+01
4.00000000e+02	2.00008745e+01
4.50000000e+02	1.98572791e+01
5.00000000e+02	1.97510316e+01
5.50000000e+02	1.96705203e+01
6.00000000e+02	1.96082026e+01
6.50000000e+02	1.95590581e+01
7.00000000e+02	1.95196610e+01
7.50000000e+02	1.94876181e+01
