2.50000000e+01	5.33389969e+01
5.00000000e+01	5.28599752e+01
5.00000000e+01	5.31331499e+01
7.50000000e+01	5.20642105e+01
1.00000000e+02	4.77182618e+01
1.25000000e+02	4.74645812e+01
1.50000000e+02	4.82167535e+01
1.50000000e+02	4.84053229e+01
1.75000000e+02	4.90821707e+01
2.00000000e+02	4.20682922e+01
2.50000000e+02	3.69107569e+01
2.50000000e+02	3.72820955e+01
3.00000000e+02	3.42789825e+01
3.50000000e+02	3.31490032e+01
4.00000000e+02	3.20330919e+01
4.50000000e+02	2.99839155e+01
5.00000000e+02	2.94559392e+01
5.50000000e+02	2.92678413e+01
6.00000000e+02	2.89816639e+01
6.50000000e+02	2.85606549e+01
7.00000000e+02	2.81020455e+01
7.50000000e+02	2.78565247e+01
2.50000000e+01	5.37814476e+01
5.00000000e+01	5.28648279e+01
5.00000000e+01	5.28648279e+01
7.50000000e+01	5.19630427e+01
1.00000000e+02	5.12527267e+01
1.25000000e+02	5.03637282e+01
1.50000000e+02	4.84634260e+01
1.50000000e+02	4.84634260e+01
1.75000000e+02	4.58907493e+01
2.00000000e+02	4.31743388e+01
2.50000000e+02	3.83895125e+01
2.50000000e+02	3.83895125e+01
3.00000000e+02	3.48137322e+01
3.50000000e+02	3.22401043e+01
4.00000000e+02	3.03777666e+01
4.50000000e+02	2.90059456e+01
5.00000000e+02	2.79744781e+01
5.50000000e+02	2.71832319e+01
6.00000000e+02	2.65649482e+01
6.50000000e+02	2.60737008e+01
7.00000000e+02	2.56775226e+01
7.50000000e+02	2.53537283e+01
2.50000000e+01	5.38939022e+01
5.00000000e+01	5.46916723e+01
5.00000000e+01	5.52879456e+01
7.50000000e+01	5.48771353e+01
1.00000000e+02	4.91095520e+01
1.25000000e+02	5.02492744e+01
1.50000000e+02	4.91225344e+01
1.50000000e+02	4.95215060e+01
1.75000000e+02	4.53416032e+01
2.00000000e+02	4.33117017e+01
2.50000000e+02	3.86107255e+01
2.50000000e+02	3.87248236e+01
3.00000000e+02	3.48070171e+01
3.50000000e+02	3.27208481e+01
4.00000000e+02	2.97110440e+01
4.50000000e+02	2.99083544e+01
5.00000000e+02	2.72778192e+01
5.50000000e+02	2.77132131e+01
6.00000000e+02	2.65522000e+01
6.50000000e+02	2.57163881e+01
7.00000000e+02	2.51751751e+01
7.50000000e+02	2.50362872e+01
2.50000000e+01	5.39373348e+01
5.00000000e+01	5.31985404e+01
5.00000000e+01	5.31985404e+01
7.50000000e+01	5.24953994e+01
1.00000000e+02	5.17958329e+01
1.25000000e+02	5.14385996e+01
1.50000000e+02	5.04258909e+01
1.50000000e+02	5.04258909e+01
1.75000000e+02	4.85035892e+01
2.00000000e+02	4.60864236e+01
2.50000000e+02	4.12373000e+01
2.50000000e+02	4.12373000e+01
3.00000000e+02	3.72771048e+01
3.50000000e+02	3.42944982e+01
4.00000000e+02	3.20784328e+01
4.50000000e+02	3.04183779e+01
5.00000000e+02	2.91558812e+01
5.50000000e+02	2.81795322e+01
6.00000000e+02	2.74120357e+01
6.50000000e+02	2.67994594e+01
7.00000000e+02	2.63036849e+01
7.50000000e+02	2.58973536e+01
