2.50000000e+01	4.58950688e+01
5.00000000e+01	4.33626369e+01
5.00000000e+01	4.38555475e+01
7.50000000e+01	4.17324013e+01
1.00000000e+02	4.00029226e+01
1.25000000e+02	4.11730662e+01
1.50000000e+02	3.92714746e+01
1.50000000e+02	3.95565645e+01
1.75000000e+02	3.82444313e+01
2.00000000e+02	3.46089059e+01
2.50000000e+02	3.30130961e+01
2.50000000e+02	3.30430269e+01
3.00000000e+02	3.14410963e+01
3.50000000e+02	3.27396547e+01
4.00000000e+02	3.25528750e+01
4.50000000e+02	3.13171739e+01
5.00000000e+02	3.10855828e+01
5.50000000e+02	3.12067869e+01
6.00000000e+02	3.10259650e+01
6.50000000e+02	3.10598808e+01
7.00000000e+02	3.03739772e+01
7.50000000e+02	2.99582584e+01
2.50000000e+01	3.37840352e+01
5.00000000e+01	3.36027840e+01
5.00000000e+01	3.36027840e+01
7.50000000e+01	3.32361693e+01
1.00000000e+02	3.31026898e+01
1.25000000e+02	3.30339199e+01
1.50000000e+02	3.20425617e+01
1.50000000e+02	3.20425617e+01
1.75000000e+02	3.26736144e+01
2.00000000e+02	3.21531133e+01
2.50000000e+02	3.12823208e+01
2.50000000e+02	3.12823208e+01
3.00000000e+02	3.18103671e+01
3.50000000e+02	3.37033645e+01
4.00000000e+02	2.95540198e+01
4.50000000e+02	3.31613801e+01
5.00000000e+02	2.89865060e+01
5.50000000e+02	3.39043855e+01
6.00000000e+02	3.58936921e+01
6.50000000e+02	3.08196388e+01
7.00000000e+02	3.59529871e+01
7.50000000e+02	3.57752193e+01
2.50000000e+01	3.92689099e+01
5.00000000e+01	3.75733923e+01
5.00000000e+01	3.79693182e+01
7.50000000e+01	3.52861284e+01
1.00000000e+02	3.46009624e+01
1.25000000e+02	3.48107567e+01
1.50000000e+02	3.20873385e+01
1.50000000e+02	3.23199320e+01
1.75000000e+02	3.12860491e+01
2.00000000e+02	3.01828094e+01
2.50000000e+02	2.76498040e+01
2.50000000e+02	2.79128503e+01
3.00000000e+02	2.78521440e+01
3.50000000e+02	2.63869661e+01
4.00000000e+02	2.66290298e+01
4.50000000e+02	2.67549174e+01
5.00000000e+02	2.67086995e+01
5.50000000e+02	2.63710446e+01
6.00000000e+02	2.63763213e+01
6.50000000e+02	2.56771747e+01
7.00000000e+02	2.59217840e+01
7.50000000e+02	2.52016145e+01
2.50000000e+01	3.77026179e+01
5.00000000e+01	3.75589398e+01
5.00000000e+01	3.75589398e+01
7.50000000e+01	3.74102915e+01
1.00000000e+02	3.71141407e+01
1.25000000e+02	3.67836736e+01
1.50000000e+02	3.61205607e+01
1.50000000e+02	3.61205607e+01
1.75000000e+02	3.63097635e+01
2.00000000e+02	3.66435673e+01
2.50000000e+02	3.38575085e+01
2.50000000e+02	3.38575085e+01
3.00000000e+02	3.41596761e+01
3.50000000e+02	3.37524373e+01
4.00000000e+02	3.75445712e+01
4.50000000e+02	3.22877350e+01
5.00000000e+02	3.32553225e+01
5.50000000e+02	3.73035610e+01
6.00000000e+02	3.92365477e+01
6.50000000e+02	3.22711999e+01
7.00000000e+02	3.94206328e+01
7.50000000e+02	3.17453855e+01
