2.50000000e+01	1.89723796e+01
5.00000000e+01	1.90216974e+01
5.00000000e+01	1.91882006e+01
7.50000000e+01	1.81385077e+01
1.00000000e+02	1.73669632e+01
1.25000000e+02	1.65745806e+01
1.50000000e+02	1.70761825e+01
1.50000000e+02	1.71292318e+01
1.75000000e+02	1.89310672e+01
2.00000000e+02	1.53495989e+01
2.50000000e+02	1.74879700e+01
2.50000000e+02	1.75265202e+01
3.00000000e+02	1.52169963e+01
3.50000000e+02	1.48411194e+01
4.00000000e+02	1.41714623e+01
4.50000000e+02	1.43303614e+01
5.00000000e+02	1.43472216e+01
5.50000000e+02	1.43592923e+01
6.00000000e+02	1.38609067e+01
6.50000000e+02	1.39997558e+01
7.00000000e+02	1.39602121e+01
7.50000000e+02	1.40751671e+01
2.50000000e+01	1.75284516e+01
5.00000000e+01	1.74392132e+01
5.00000000e+01	1.74392132e+01
7.50000000e+01	1.70398215e+01
1.00000000e+02	1.66448395e+01
1.25000000e+02	1.61165387e+01
1.50000000e+02	1.55343724e+01
1.50000000e+02	1.55343724e+01
1.75000000e+02	1.50112517e+01
2.00000000e+02	1.45700976e+01
2.50000000e+02	1.39303912e+01
2.50000000e+02	1.39303912e+01
3.00000000e+02	1.35181350e+01
3.50000000e+02	1.32451412e+01
4.00000000e+02	1.30575944e+01
4.50000000e+02	1.29241533e+01
5.00000000e+02	1.28262318e+01
5.50000000e+02	1.27524371e+01
6.00000000e+02	1.26955380e+01
6.50000000e+02	1.26507925e+01
7.00000000e+02	1.26149976e+01
7.50000000e+02	1.25859318e+01
2.50000000e+01	1.71018816e+01
5.00000000e+01	1.67196485e+01
5.00000000e+01	1.67617757e+01
7.50000000e+01	1.52051033e+01
1.00000000e+02	1.65659804e+01
1.25000000e+02	1.69735190e+01
1.50000000e+02	1.47653243e+01
1.50000000e+02	1.50176756e+01
1.75000000e+02	1.51116331e+01
2.00000000e+02	1.44698678e+01
2.50000000e+02	1.41627333e+01
2.50000000e+02	1.43284663e+01
3.00000000e+02	1.35797201e+01
3.50000000e+02	1.32566122e+01
4.00000000e+02	1.35523813e+01
4.50000000e+02	1.27784003e+01
5.00000000e+02	1.26471772e+01
5.50000000e+02	1.31467059e+01
6.00000000e+02	1.31983773e+01
6.50000000e+02	1.31430368e+01
7.00000000e+02	1.31851647e+01
7.50000000e+02	1.29354747e+01
2.50000000e+01	1.85108638e+01
5.00000000e+01	1.86775771e+01
5.00000000e+01	1.86775771e+01
7.50000000e+01	1.84624419e+01
1.00000000e+02	1.83338811e+01
1.25000000e+02	1.80070891e+01
1.50000000e+02	1.74969474e+01
1.50000000e+02	1.74969474e+01
1.75000000e+02	1.69660318e+01
2.00000000e+02	1.64841584e+01
2.50000000e+02	1.57506890e+01
2.50000000e+02	1.57506890e+01
3.00000000e+02	1.52626517e+01
3.50000000e+02	1.49346962e+01
4.00000000e+02	1.47076104e+01
4.50000000e+02	1.45452766e+01
5.00000000e+02	1.44257919e+01
5.50000000e+02	1.43355603e+01
6.00000000e+02	1.42658847e+01
6.50000000e+02	1.42110317e+01
7.00000000e+02	1.41671144e+01
7.50000000e+02	1.41314299e+01
