2.50000000e+01	9.39916802e+00
5.00000000e+01	7.91628862e+00
5.00000000e+01	1.03276034e+01
7.50000000e+01	1.06569407e+01
1.00000000e+02	1.04725222e+01
1.25000000e+02	8.96310341e+00
1.50000000e+02	9.68999489e+00
1.50000000e+02	1.02025359e+01
1.75000000e+02	1.08007243e+01
2.00000000e+02	9.34091709e+00
2.50000000e+02	9.55333866e+00
2.50000000e+02	9.70846151e+00
3.00000000e+02	8.94299486e+00
3.50000000e+02	7.65447697e+00
4.00000000e+02	8.80207350e+00
4.50000000e+02	8.62531417e+00
5.00000000e+02	8.27911276e+00
5.50000000e+02	7.35628933e+00
6.00000000e+02	7.25826656e+00
6.50000000e+02	7.16803683e+00
7.00000000e+02	7.16742692e+00
7.50000000e+02	6.65740588e+00
2.50000000e+01	2.06725153e+01
5.00000000e+01	2.04389789e+01
5.00000000e+01	2.04389789e+01
7.50000000e+01	2.01536475e+01
1.00000000e+02	1.98634563e+01
1.25000000e+02	1.95880046e+01
1.50000000e+02	1.93468413e+01
1.50000000e+02	1.93468413e+01
1.75000000e+02	1.91545122e+01
2.00000000e+02	1.90030972e+01
2.50000000e+02	1.87941068e+01
2.50000000e+02	1.87941068e+01
3.00000000e+02	1.86641427e+01
3.50000000e+02	1.85795869e+01
4.00000000e+02	1.85220737e+01
4.50000000e+02	1.84814052e+01
5.00000000e+02	1.84516843e+01
5.50000000e+02	1.84293507e+01
6.00000000e+02	1.84121664e+01
6.50000000e+02	1.83986739e+01
7.00000000e+02	1.83878934e+01
7.50000000e+02	1.83791479e+01
2.50000000e+01	1.98914875e+01
5.00000000e+01	1.39114833e+01
5.00000000e+01	1.78814990e+01
7.50000000e+01	2.04870797e+01
1.00000000e+02	2.00093969e+01
1.25000000e+02	1.45405323e+01
1.50000000e+02	1.88093435e+01
1.50000000e+02	2.30563765e+01
1.75000000e+02	1.70932657e+01
2.00000000e+02	2.00812168e+01
2.50000000e+02	1.86423575e+01
2.50000000e+02	2.51297529e+01
3.00000000e+02	1.56497130e+01
3.50000000e+02	2.04618608e+01
4.00000000e+02	2.06431565e+01
4.50000000e+02	2.03298139e+01
5.00000000e+02	1.86458018e+01
5.50000000e+02	1.96181445e+01
6.00000000e+02	2.07019070e+01
6.50000000e+02	1.78741399e+01
7.00000000e+02	1.86188417e+01
7.50000000e+02	1.97427369e+01
2.50000000e+01	1.03365051e+01
5.00000000e+01	1.02396095e+01
5.00000000e+01	1.02396095e+01
7.50000000e+01	1.00085490e+01
1.00000000e+02	9.75903430e+00
1.25000000e+02	9.48373757e+00
1.50000000e+02	9.21831713e+00
1.50000000e+02	9.21831713e+00
1.75000000e+02	8.99600109e+00
2.00000000e+02	8.81567835e+00
2.50000000e+02	8.56166510e+00
2.50000000e+02	8.56166510e+00
3.00000000e+02	8.40138502e+00
3.50000000e+02	8.29638780e+00
4.00000000e+02	8.22470643e+00
4.50000000e+02	8.17390788e+00
5.00000000e+02	8.13673168e+00
5.50000000e+02	8.10876900e+00
6.00000000e+02	8.08723899e+00
6.50000000e+02	8.07032592e+00
7.00000000e+02	8.05680728e+00
7.50000000e+02	8.04583731e+00
