2.50000000e+01	1.81438275e+01
5.00000000e+01	1.80728767e+01
5.00000000e+01	1.81388084e+01
7.50000000e+01	1.78691668e+01
1.00000000e+02	1.73160281e+01
1.25000000e+02	1.89852234e+01
1.50000000e+02	1.81114307e+01
1.50000000e+02	1.81396583e+01
1.75000000e+02	1.74643315e+01
2.00000000e+02	1.74787624e+01
2.50000000e+02	1.67921446e+01
2.50000000e+02	1.68283521e+01
3.00000000e+02	1.67407477e+01
3.50000000e+02	1.67913065e+01
4.00000000e+02	1.70719609e+01
4.50000000e+02	1.68138066e+01
5.00000000e+02	1.65038345e+01
5.50000000e+02	1.68088907e+01
6.00000000e+02	1.71473964e+01
6.50000000e+02	1.70514548e+01
7.00000000e+02	1.69528871e+01
7.50000000e+02	1.69606378e+01
2.50000000e+01	1.67276797e+01
5.00000000e+01	1.67075902e+01
5.00000000e+01	1.67075902e+01
7.50000000e+01	1.65855531e+01
1.00000000e+02	1.64493811e+01
1.25000000e+02	1.62905923e+01
1.50000000e+02	1.61328365e+01
1.50000000e+02	1.61328365e+01
1.75000000e+02	1.59989067e+01
2.00000000e+02	1.58893923e+01
2.50000000e+02	1.57344017e+01
2.50000000e+02	1.57344017e+01
3.00000000e+02	1.56363181e+01
3.50000000e+02	1.55719977e+01
4.00000000e+02	1.55280688e+01
4.50000000e+02	1.54969329e+01
5.00000000e+02	1.54741454e+01
5.50000000e+02	1.54570052e+01
6.00000000e+02	1.54438082e+01
6.50000000e+02	1.54334414e+01
7.00000000e+02	1.54251554e+01
7.50000000e+02	1.54184316e+01
2.50000000e+01	1.64885661e+01
5.00000000e+01	1.61289181e+01
5.00000000e+01	1.62013404e+01
7.50000000e+01	1.60508588e+01
1.00000000e+02	1.54405563e+01
1.25000000e+02	1.66812204e+01
1.50000000e+02	1.62281148e+01
1.50000000e+02	1.62907603e+01
1.75000000e+02	1.56381957e+01
2.00000000e+02	1.57235761e+01
2.50000000e+02	1.55146926e+01
2.50000000e+02	1.57552872e+01
3.00000000e+02	1.57247591e+01
3.50000000e+02	1.58724601e+01
4.00000000e+02	1.56633175e+01
4.50000000e+02	1.57060246e+01
5.00000000e+02	1.57327302e+01
5.50000000e+02	1.58377123e+01
6.00000000e+02	1.57404650e+01
6.50000000e+02	1.57817544e+01
7.00000000e+02	1.57865081e+01
7.50000000e+02	1.58459281e+01
2.50000000e+01	1.78973859e+01
5.00000000e+01	1.80587776e+01
5.00000000e+01	1.80587776e+01
7.50000000e+01	1.80158204e+01
1.00000000e+02	1.79592728e+01
1.25000000e+02	1.78383781e+01
1.50000000e+02	1.76861262e+01
1.50000000e+02	1.76861262e+01
1.75000000e+02	1.75427094e+01
2.00000000e+02	1.74188013e+01
2.50000000e+02	1.72370007e+01
2.50000000e+02	1.72370007e+01
3.00000000e+02	1.71191573e+01
3.50000000e+02	1.70410420e+01
4.00000000e+02	1.69873909e+01
4.50000000e+02	1.69492398e+01
5.00000000e+02	1.69212605e+01
5.50000000e+02	1.69001863e+01
6.00000000e+02	1.68839445e+01
6.50000000e+02	1.68711769e+01
7.00000000e+02	1.68609666e+01
7.50000000e+02	1.68526779e+01
