2.50000000e+01	1.56240631e+01
5.00000000e+01	1.42761145e+01
5.00000000e+01	1.76266764e+01
7.50000000e+01	1.39445650e+01
1.00000000e+02	1.31443012e+01
1.25000000e+02	1.56168086e+01
1.50000000e+02	1.35114501e+01
1.50000000e+02	1.39735605e+01
1.75000000e+02	1.29869673e+01
2.00000000e+02	1.45987696e+01
2.50000000e+02	1.23704143e+01
2.50000000e+02	1.27401230e+01
3.00000000e+02	1.30889190e+01
3.50000000e+02	1.41086256e+01
4.00000000e+02	1.30252338e+01
4.50000000e+02	1.34738579e+01
5.00000000e+02	1.36900856e+01
5.50000000e+02	1.46547379e+01
6.00000000e+02	1.46479338e+01
6.50000000e+02	1.49511784e+01
7.00000000e+02	1.52543961e+01
7.50000000e+02	1.56731114e+01
2.50000000e+01	5.48829892e+00
5.00000000e+01	5.24119908e+00
5.00000000e+01	5.24119908e+00
7.50000000e+01	5.02548549e+00
1.00000000e+02	4.85266527e+00
1.25000000e+02	4.72411349e+00
1.50000000e+02	4.63093558e+00
1.50000000e+02	4.63093558e+00
1.75000000e+02	4.56331599e+00
2.00000000e+02	4.51359347e+00
2.50000000e+02	4.44802540e+00
2.50000000e+02	4.44802540e+00
3.00000000e+02	4.40867181e+00
3.50000000e+02	4.38350671e+00
4.00000000e+02	4.36655136e+00
4.50000000e+02	4.35463003e+00
5.00000000e+02	4.34594975e+00
5.50000000e+02	4.33944325e+00
6.00000000e+02	4.33444581e+00
6.50000000e+02	4.33052713e+00
7.00000000e+02	4.32739922e+00
7.50000000e+02	4.32486371e+00
2.50000000e+01	5.39125540e+00
5.00000000e+01	5.84378361e+00
5.00000000e+01	8.15902449e+00
7.50000000e+01	4.17297087e+00
1.00000000e+02	3.84747063e+00
1.25000000e+02	8.64945091e+00
1.50000000e+02	3.26207155e+00
1.50000000e+02	4.90537232e+00
1.75000000e+02	5.33592071e+00
2.00000000e+02	4.29042600e+00
2.50000000e+02	2.17152650e+00
2.50000000e+02	4.51334993e+00
3.00000000e+02	5.58402853e+00
3.50000000e+02	3.56754081e+00
4.00000000e+02	3.70920888e+00
4.50000000e+02	3.79023895e+00
5.00000000e+02	4.39353364e+00
5.50000000e+02	4.08038254e+00
6.00000000e+02	3.63589386e+00
6.50000000e+02	4.57798815e+00
7.00000000e+02	4.49090094e+00
7.50000000e+02	3.89759979e+00
2.50000000e+01	1.53459739e+01
5.00000000e+01	1.50273418e+01
5.00000000e+01	1.50273418e+01
7.50000000e+01	1.47480835e+01
1.00000000e+02	1.45235747e+01
1.25000000e+02	1.43562577e+01
1.50000000e+02	1.42348535e+01
1.50000000e+02	1.42348535e+01
1.75000000e+02	1.41466940e+01
2.00000000e+02	1.40818410e+01
2.50000000e+02	1.39962886e+01
2.50000000e+02	1.39962886e+01
3.00000000e+02	1.39449241e+01
3.50000000e+02	1.39120723e+01
4.00000000e+02	1.38899352e+01
4.50000000e+02	1.38743694e+01
5.00000000e+02	1.38630348e+01
5.50000000e+02	1.38545383e+01
6.00000000e+02	1.38480122e+01
6.50000000e+02	1.38428948e+01
7.00000000e+02	1.38388099e+01
7.50000000e+02	1.38354986e+01
