2.50000000e+01	1.24912661e+01
5.00000000e+01	1.22000949e+01
5.00000000e+01	1.22559249e+01
7.50000000e+01	1.22888196e+01
1.00000000e+02	1.23968137e+01
1.25000000e+02	1.21246867e+01
1.50000000e+02	1.22493484e+01
1.50000000e+02	1.22882211e+01
1.75000000e+02	1.20648958e+01
2.00000000e+02	1.22631916e+01
2.50000000e+02	1.19165900e+01
2.50000000e+02	1.20020038e+01
3.00000000e+02	1.18331486e+01
3.50000000e+02	1.19175561e+01
4.00000000e+02	1.18236297e+01
4.50000000e+02	1.18952906e+01
5.00000000e+02	1.17927422e+01
5.50000000e+02	1.18760907e+01
6.00000000e+02	1.18891029e+01
6.50000000e+02	1.18272962e+01
7.00000000e+02	1.19909392e+01
7.50000000e+02	1.19752063e+01
2.50000000e+01	1.22834083e+01
5.00000000e+01	1.22548021e+01
5.00000000e+01	1.22548021e+01
7.50000000e+01	1.22003981e+01
1.00000000e+02	1.21418591e+01
1.25000000e+02	1.20806338e+01
1.50000000e+02	1.20234683e+01
1.50000000e+02	1.20234683e+01
1.75000000e+02	1.19764380e+01
2.00000000e+02	1.19386687e+01
2.50000000e+02	1.18858928e+01
2.50000000e+02	1.18858928e+01
3.00000000e+02	1.18527977e+01
3.50000000e+02	1.18311911e+01
4.00000000e+02	1.18164709e+01
4.50000000e+02	1.18060534e+01
5.00000000e+02	1.17984367e+01
5.50000000e+02	1.17927117e+01
6.00000000e+02	1.17883059e+01
6.50000000e+02	1.17848463e+01
7.00000000e+02	1.17820819e+01
7.50000000e+02	1.17798392e+01
2.50000000e+01	1.20298441e+01
5.00000000e+01	1.21888549e+01
5.00000000e+01	1.22381026e+01
7.50000000e+01	1.20215484e+01
1.00000000e+02	1.17974828e+01
1.25000000e+02	1.22447503e+01
1.50000000e+02	1.18457362e+01
1.50000000e+02	1.18889184e+01
1.75000000e+02	1.22320929e+01
2.00000000e+02	1.20886752e+01
2.50000000e+02	1.22477092e+01
2.50000000e+02	1.22626295e+01
3.00000000e+02	1.18819832e+01
3.50000000e+02	1.19019716e+01
4.00000000e+02	1.18135485e+01
4.50000000e+02	1.16719167e+01
5.00000000e+02	1.17983192e+01
5.50000000e+02	1.19474864e+01
6.00000000e+02	1.18336006e+01
6.50000000e+02	1.17429906e+01
7.00000000e+02	1.16964831e+01
7.50000000e+02	1.16227976e+01
2.50000000e+01	1.23069707e+01
5.00000000e+01	1.23404546e+01
5.00000000e+01	1.23404546e+01
7.50000000e+01	1.23113228e+01
1.00000000e+02	1.22748030e+01
1.25000000e+02	1.22213458e+01
1.50000000e+02	1.21626125e+01
1.50000000e+02	1.21626125e+01
1.75000000e+02	1.21104539e+01
2.00000000e+02	1.20667251e+01
2.50000000e+02	1.20038584e+01
2.50000000e+02	1.20038584e+01
3.00000000e+02	1.19636648e+01
3.50000000e+02	1.19371935e+01
4.00000000e+02	1.19190769e+01
4.50000000e+02	1.19062218e+01
5.00000000e+02	1.18968074e+01
5.50000000e+02	1.18897233e+01
6.00000000e+02	1.18842675e+01
6.50000000e+02	1.18799809e+01
7.00000000e+02	1.18765542e+01
7.50000000e+02	1.18737733e+01
