2.50000000e+01	1.71884205e+01
5.00000000e+01	1.65174041e+01
5.00000000e+01	1.67293607e+01
7.50000000e+01	1.64309582e+01
1.00000000e+02	1.63037109e+01
1.25000000e+02	1.73854029e+01
1.50000000e+02	1.64160915e+01
1.50000000e+02	1.64179597e+01
1.75000000e+02	1.61605547e+01
2.00000000e+02	1.77366054e+01
2.50000000e+02	1.54255924e+01
2.50000000e+02	1.54732051e+01
3.00000000e+02	1.45740596e+01
3.50000000e+02	1.47466453e+01
4.00000000e+02	1.52038472e+01
4.50000000e+02	1.56755429e+01
5.00000000e+02	1.47031329e+01
5.50000000e+02	1.49587130e+01
6.00000000e+02	1.48492044e+01
6.50000000e+02	1.55288038e+01
7.00000000e+02	1.54085745e+01
7.50000000e+02	1.52318543e+01
2.50000000e+01	1.43336681e+01
5.00000000e+01	1.43742049e+01
5.00000000e+01	1.43742049e+01
7.50000000e+01	1.42183305e+01
1.00000000e+02	1.40429536e+01
1.25000000e+02	1.38101432e+01
1.50000000e+02	1.35618179e+01
1.50000000e+02	1.35618179e+01
1.75000000e+02	1.33435071e+01
2.00000000e+02	1.31615244e+01
2.50000000e+02	1.29004590e+01
2.50000000e+02	1.29004590e+01
3.00000000e+02	1.27336630e+01
3.50000000e+02	1.26237748e+01
4.00000000e+02	1.25485299e+01
4.50000000e+02	1.24951129e+01
5.00000000e+02	1.24559773e+01
5.50000000e+02	1.24265190e+01
6.00000000e+02	1.24038257e+01
6.50000000e+02	1.23859920e+01
7.00000000e+02	1.23717334e+01
7.50000000e+02	1.23601605e+01
2.50000000e+01	1.39809277e+01
5.00000000e+01	1.34409509e+01
5.00000000e+01	1.35140806e+01
7.50000000e+01	1.34195623e+01
1.00000000e+02	1.38292913e+01
1.25000000e+02	1.35567470e+01
1.50000000e+02	1.33548050e+01
1.50000000e+02	1.36346033e+01
1.75000000e+02	1.42564318e+01
2.00000000e+02	1.33970999e+01
2.50000000e+02	1.26680878e+01
2.50000000e+02	1.27605625e+01
3.00000000e+02	1.27565329e+01
3.50000000e+02	1.24204904e+01
4.00000000e+02	1.27814598e+01
4.50000000e+02	1.27250350e+01
5.00000000e+02	1.28671656e+01
5.50000000e+02	1.26083009e+01
6.00000000e+02	1.26178361e+01
6.50000000e+02	1.27825361e+01
7.00000000e+02	1.28276304e+01
7.50000000e+02	1.28736681e+01
2.50000000e+01	1.65356745e+01
5.00000000e+01	1.68486665e+01
5.00000000e+01	1.68486665e+01
7.50000000e+01	1.68231157e+01
1.00000000e+02	1.67952393e+01
1.25000000e+02	1.66481469e+01
1.50000000e+02	1.64253941e+01
1.50000000e+02	1.64253941e+01
1.75000000e+02	1.62003940e+01
2.00000000e+02	1.59994206e+01
2.50000000e+02	1.56979691e+01
2.50000000e+02	1.56979691e+01
3.00000000e+02	1.54997032e+01
3.50000000e+02	1.53673810e+01
4.00000000e+02	1.52761614e+01
4.50000000e+02	1.52111487e+01
5.00000000e+02	1.51633993e+01
5.50000000e+02	1.51273973e+01
6.00000000e+02	1.50996303e+01
6.50000000e+02	1.50777907e+01
7.00000000e+02	1.50603179e+01
7.50000000e+02	1.50461291e+01
