2.50000000e+01	1.76616493e+01
5.00000000e+01	1.69597801e+01
5.00000000e+01	1.70870694e+01
7.50000000e+01	1.66847463e+01
1.00000000e+02	1.59657290e+01
1.25000000e+02	1.53341259e+01
1.50000000e+02	1.66463708e+01
1.50000000e+02	1.66487773e+01
1.75000000e+02	1.99092322e+01
2.00000000e+02	1.68495142e+01
2.50000000e+02	1.60537365e+01
2.50000000e+02	1.60978339e+01
3.00000000e+02	1.57369284e+01
3.50000000e+02	1.64590564e+01
4.00000000e+02	1.73862754e+01
4.50000000e+02	1.66964265e+01
5.00000000e+02	1.60745313e+01
5.50000000e+02	1.63419481e+01
6.00000000e+02	1.69638140e+01
6.50000000e+02	1.72053040e+01
7.00000000e+02	1.67463258e+01
7.50000000e+02	1.65611715e+01
2.50000000e+01	1.50513642e+01
5.00000000e+01	1.49767752e+01
5.00000000e+01	1.49767752e+01
7.50000000e+01	1.49122536e+01
1.00000000e+02	1.48609494e+01
1.25000000e+02	1.48229429e+01
1.50000000e+02	1.47954548e+01
1.50000000e+02	1.47954548e+01
1.75000000e+02	1.47755336e+01
2.00000000e+02	1.47608977e+01
2.50000000e+02	1.47416131e+01
2.50000000e+02	1.47416131e+01
3.00000000e+02	1.47300465e+01
3.50000000e+02	1.47226532e+01
4.00000000e+02	1.47176732e+01
4.50000000e+02	1.47141724e+01
5.00000000e+02	1.47116236e+01
5.50000000e+02	1.47097133e+01
6.00000000e+02	1.47082462e+01
6.50000000e+02	1.47070958e+01
7.00000000e+02	1.47061776e+01
7.50000000e+02	1.47054334e+01
2.50000000e+01	1.53210878e+01
5.00000000e+01	1.50145549e+01
5.00000000e+01	1.51691518e+01
7.50000000e+01	1.48363630e+01
1.00000000e+02	1.42515451e+01
1.25000000e+02	1.39538483e+01
1.50000000e+02	1.43803561e+01
1.50000000e+02	1.43864007e+01
1.75000000e+02	1.43322983e+01
2.00000000e+02	1.49421419e+01
2.50000000e+02	1.50103711e+01
2.50000000e+02	1.51579200e+01
3.00000000e+02	1.56482590e+01
3.50000000e+02	1.50709945e+01
4.00000000e+02	1.43360808e+01
4.50000000e+02	1.47426377e+01
5.00000000e+02	1.46641331e+01
5.50000000e+02	1.47157821e+01
6.00000000e+02	1.49158279e+01
6.50000000e+02	1.47284171e+01
7.00000000e+02	1.50305258e+01
7.50000000e+02	1.47948859e+01
2.50000000e+01	1.70582457e+01
5.00000000e+01	1.69612283e+01
5.00000000e+01	1.69612283e+01
7.50000000e+01	1.68772092e+01
1.00000000e+02	1.68103262e+01
1.25000000e+02	1.67607482e+01
1.50000000e+02	1.67248774e+01
1.50000000e+02	1.67248774e+01
1.75000000e+02	1.66988755e+01
2.00000000e+02	1.66797693e+01
2.50000000e+02	1.66545913e+01
2.50000000e+02	1.66545913e+01
3.00000000e+02	1.66394884e+01
3.50000000e+02	1.66298341e+01
4.00000000e+02	1.66233308e+01
4.50000000e+02	1.66187590e+01
5.00000000e+02	1.66154306e+01
5.50000000e+02	1.66129358e+01
6.00000000e+02	1.66110198e+01
6.50000000e+02	1.66095175e+01
7.00000000e+02	1.66083183e+01
7.50000000e+02	1.66073463e+01
