2.50000000e+01	1.48719522e+01
5.00000000e+01	1.53135875e+01
5.00000000e+01	1.54209969e+01
7.50000000e+01	1.43027406e+01
1.00000000e+02	1.49494366e+01
1.25000000e+02	1.44565957e+01
1.50000000e+02	1.50591215e+01
1.50000000e+02	1.51293029e+01
1.75000000e+02	1.52539837e+01
2.00000000e+02	1.34421320e+01
2.50000000e+02	1.47318913e+01
2.50000000e+02	1.47545312e+01
3.00000000e+02	1.37159800e+01
3.50000000e+02	1.35297805e+01
4.00000000e+02	1.31767457e+01
4.50000000e+02	1.30265054e+01
5.00000000e+02	1.28856414e+01
5.50000000e+02	1.31977334e+01
6.00000000e+02	1.32736568e+01
6.50000000e+02	1.31265244e+01
7.00000000e+02	1.30516759e+01
7.50000000e+02	1.30606614e+01
2.50000000e+01	1.51519015e+01
5.00000000e+01	1.53284161e+01
5.00000000e+01	1.53284161e+01
7.50000000e+01	1.52131531e+01
1.00000000e+02	1.50857566e+01
1.25000000e+02	1.48570731e+01
1.50000000e+02	1.45778414e+01
1.50000000e+02	1.45778414e+01
1.75000000e+02	1.43170901e+01
2.00000000e+02	1.40927511e+01
2.50000000e+02	1.37640420e+01
2.50000000e+02	1.37640420e+01
3.00000000e+02	1.35510171e+01
3.50000000e+02	1.34097456e+01
4.00000000e+02	1.33126688e+01
4.50000000e+02	1.32436076e+01
5.00000000e+02	1.31929416e+01
5.50000000e+02	1.31547688e+01
6.00000000e+02	1.31253426e+01
6.50000000e+02	1.31022066e+01
7.00000000e+02	1.30837017e+01
7.50000000e+02	1.30686778e+01
2.50000000e+01	1.52289190e+01
5.00000000e+01	1.49188477e+01
5.00000000e+01	1.50114064e+01
7.50000000e+01	1.44222377e+01
1.00000000e+02	1.45432624e+01
1.25000000e+02	1.49318435e+01
1.50000000e+02	1.42230034e+01
1.50000000e+02	1.42914521e+01
1.75000000e+02	1.41129553e+01
2.00000000e+02	1.38413767e+01
2.50000000e+02	1.40968090e+01
2.50000000e+02	1.41583126e+01
3.00000000e+02	1.37735933e+01
3.50000000e+02	1.33027862e+01
4.00000000e+02	1.33139550e+01
4.50000000e+02	1.31153829e+01
5.00000000e+02	1.34019724e+01
5.50000000e+02	1.36194650e+01
6.00000000e+02	1.33212618e+01
6.50000000e+02	1.34214826e+01
7.00000000e+02	1.34646512e+01
7.50000000e+02	1.34680809e+01
2.50000000e+01	1.44983994e+01
5.00000000e+01	1.49900040e+01
5.00000000e+01	1.49900040e+01
7.50000000e+01	1.50431149e+01
1.00000000e+02	1.51217637e+01
1.25000000e+02	1.50400267e+01
1.50000000e+02	1.48241240e+01
1.50000000e+02	1.48241240e+01
1.75000000e+02	1.45730353e+01
2.00000000e+02	1.43350573e+01
2.50000000e+02	1.39648376e+01
2.50000000e+02	1.39648376e+01
3.00000000e+02	1.37157812e+01
3.50000000e+02	1.35478990e+01
4.00000000e+02	1.34315614e+01
4.50000000e+02	1.33483935e+01
5.00000000e+02	1.32871908e+01
5.50000000e+02	1.32409845e+01
6.00000000e+02	1.32053139e+01
6.50000000e+02	1.31772385e+01
7.00000000e+02	1.31547651e+01
7.50000000e+02	1.31365079e+01
