2.50000000e+01	3.85406705e+01
5.00000000e+01	3.51034460e+01
5.00000000e+01	3.51078980e+01
7.50000000e+01	3.05676721e+01
1.00000000e+02	3.04564718e+01
1.25000000e+02	3.06958495e+01
1.50000000e+02	3.04632545e+01
1.50000000e+02	3.04972831e+01
1.75000000e+02	2.76864286e+01
2.00000000e+02	2.44602656e+01
2.50000000e+02	2.36171884e+01
2.50000000e+02	2.37826777e+01
3.00000000e+02	2.28344471e+01
3.50000000e+02	2.21954498e+01
4.00000000e+02	2.14552145e+01
4.50000000e+02	2.11842557e+01
5.00000000e+02	2.11778086e+01
5.50000000e+02	2.10149056e+01
6.00000000e+02	2.08288457e+01
6.50000000e+02	2.04142734e+01
7.00000000e+02	2.05106884e+01
7.50000000e+02	2.06345398e+01
2.50000000e+01	3.17558979e+01
5.00000000e+01	3.04953518e+01
5.00000000e+01	3.04953518e+01
7.50000000e+01	2.91028276e+01
1.00000000e+02	2.76412354e+01
1.25000000e+02	2.60130528e+01
1.50000000e+02	2.44407886e+01
1.50000000e+02	2.44407886e+01
1.75000000e+02	2.31052517e+01
2.00000000e+02	2.20165602e+01
2.50000000e+02	2.04636988e+01
2.50000000e+02	2.04636988e+01
3.00000000e+02	1.94718084e+01
3.50000000e+02	1.88161647e+01
4.00000000e+02	1.83656367e+01
4.50000000e+02	1.80448392e+01
5.00000000e+02	1.78092363e+01
5.50000000e+02	1.76315475e+01
6.00000000e+02	1.74944506e+01
6.50000000e+02	1.73865767e+01
7.00000000e+02	1.73002401e+01
7.50000000e+02	1.72301061e+01
2.50000000e+01	3.16333374e+01
5.00000000e+01	2.99324430e+01
5.00000000e+01	3.00965194e+01
7.50000000e+01	2.81449767e+01
1.00000000e+02	2.76111799e+01
1.25000000e+02	2.61657627e+01
1.50000000e+02	2.39648981e+01
1.50000000e+02	2.44924838e+01
1.75000000e+02	2.25887283e+01
2.00000000e+02	2.21233177e+01
2.50000000e+02	2.08100657e+01
2.50000000e+02	2.10764912e+01
3.00000000e+02	1.99245811e+01
3.50000000e+02	1.90413503e+01
4.00000000e+02	1.84306333e+01
4.50000000e+02	1.79140353e+01
5.00000000e+02	1.78619001e+01
5.50000000e+02	1.80420938e+01
6.00000000e+02	1.72586448e+01
6.50000000e+02	1.73577972e+01
7.00000000e+02	1.72085012e+01
7.50000000e+02	1.71396047e+01
2.50000000e+01	3.56900975e+01
5.00000000e+01	3.44450014e+01
5.00000000e+01	3.44450014e+01
7.50000000e+01	3.31510833e+01
1.00000000e+02	3.19404535e+01
1.25000000e+02	3.04628898e+01
1.50000000e+02	2.88491551e+01
1.50000000e+02	2.88491551e+01
1.75000000e+02	2.73754620e+01
2.00000000e+02	2.61214658e+01
2.50000000e+02	2.42739595e+01
2.50000000e+02	2.42739595e+01
3.00000000e+02	2.30652410e+01
3.50000000e+02	2.22563711e+01
4.00000000e+02	2.16965556e+01
4.50000000e+02	2.12961238e+01
5.00000000e+02	2.10011305e+01
5.50000000e+02	2.07781655e+01
6.00000000e+02	2.06058599e+01
6.50000000e+02	2.04701178e+01
7.00000000e+02	2.03613748e+01
7.50000000e+02	2.02729733e+01
