2.50000000e+01	5.60552454e+01
5.00000000e+01	5.36029761e+01
5.00000000e+01	5.36557829e+01
7.50000000e+01	5.49259031e+01
1.00000000e+02	5.48039453e+01
1.25000000e+02	5.04539485e+01
1.50000000e+02	5.04462434e+01
1.50000000e+02	5.07799137e+01
1.75000000e+02	4.84096892e+01
2.00000000e+02	4.71602297e+01
2.50000000e+02	4.55319770e+01
2.50000000e+02	4.65511692e+01
3.00000000e+02	4.37867568e+01
3.50000000e+02	4.23933995e+01
4.00000000e+02	4.06113071e+01
4.50000000e+02	4.04331699e+01
5.00000000e+02	3.93296485e+01
5.50000000e+02	3.70248002e+01
6.00000000e+02	3.69461578e+01
6.50000000e+02	3.76231562e+01
7.00000000e+02	3.75775164e+01
7.50000000e+02	3.64022400e+01
2.50000000e+01	3.94738989e+01
5.00000000e+01	3.93843222e+01
5.00000000e+01	3.93843222e+01
7.50000000e+01	3.93193140e+01
1.00000000e+02	3.92452921e+01
1.25000000e+02	3.89922218e+01
1.50000000e+02	3.90018514e+01
1.50000000e+02	3.90018514e+01
1.75000000e+02	3.90339206e+01
2.00000000e+02	3.85553170e+01
2.50000000e+02	3.87439438e+01
2.50000000e+02	3.87439438e+01
3.00000000e+02	3.74277223e+01
3.50000000e+02	3.87459372e+01
4.00000000e+02	3.67624838e+01
4.50000000e+02	3.69888909e+01
5.00000000e+02	3.82207723e+01
5.50000000e+02	3.45413683e+01
6.00000000e+02	3.61864996e+01
6.50000000e+02	3.19787787e+01
7.00000000e+02	3.90909211e+01
7.50000000e+02	3.99043868e+01
2.50000000e+01	4.92240564e+01
5.00000000e+01	4.73129770e+01
5.00000000e+01	4.75529794e+01
7.50000000e+01	4.51838434e+01
1.00000000e+02	4.52379017e+01
1.25000000e+02	4.36998740e+01
1.50000000e+02	4.15401009e+01
1.50000000e+02	4.24815376e+01
1.75000000e+02	4.15099964e+01
2.00000000e+02	3.97551803e+01
2.50000000e+02	3.70161153e+01
2.50000000e+02	3.74355777e+01
3.00000000e+02	3.67612964e+01
3.50000000e+02	3.48597048e+01
4.00000000e+02	3.40272908e+01
4.50000000e+02	3.36593323e+01
5.00000000e+02	3.25923988e+01
5.50000000e+02	3.23471920e+01
6.00000000e+02	3.18463339e+01
6.50000000e+02	3.18931004e+01
7.00000000e+02	3.13348764e+01
7.50000000e+02	3.09564862e+01
2.50000000e+01	4.62818020e+01
5.00000000e+01	4.62185465e+01
5.00000000e+01	4.62185465e+01
7.50000000e+01	4.60642919e+01
1.00000000e+02	4.61102666e+01
1.25000000e+02	4.59356748e+01
1.50000000e+02	4.59455192e+01
1.50000000e+02	4.59455192e+01
1.75000000e+02	4.58819639e+01
2.00000000e+02	4.59211851e+01
2.50000000e+02	4.52141847e+01
2.50000000e+02	4.52141847e+01
3.00000000e+02	4.40436627e+01
3.50000000e+02	4.54275163e+01
4.00000000e+02	4.56846746e+01
4.50000000e+02	4.56809363e+01
5.00000000e+02	4.04277751e+01
5.50000000e+02	4.19633885e+01
6.00000000e+02	4.05986626e+01
6.50000000e+02	4.62135947e+01
7.00000000e+02	4.36346331e+01
7.50000000e+02	3.85857322e+01
