2.50000000e+01	1.23416005e+01
5.00000000e+01	1.23341043e+01
5.00000000e+01	1.23766315e+01
7.50000000e+01	1.25737894e+01
1.00000000e+02	1.23877929e+01
1.25000000e+02	1.33200776e+01
1.50000000e+02	1.25341117e+01
1.50000000e+02	1.25869455e+01
1.75000000e+02	1.35318458e+01
2.00000000e+02	1.33240099e+01
2.50000000e+02	1.17342610e+01
2.50000000e+02	1.18457167e+01
3.00000000e+02	1.17160112e+01
3.50000000e+02	1.21667372e+01
4.00000000e+02	1.19681491e+01
4.50000000e+02	1.20732577e+01
5.00000000e+02	1.23969262e+01
5.50000000e+02	1.23929743e+01
6.00000000e+02	1.24209379e+01
6.50000000e+02	1.24675899e+01
7.00000000e+02	1.25612131e+01
7.50000000e+02	1.25921875e+01
2.50000000e+01	1.16842289e+01
5.00000000e+01	1.17070389e+01
5.00000000e+01	1.17070389e+01
7.50000000e+01	1.16794241e+01
1.00000000e+02	1.16454874e+01
1.25000000e+02	1.15983404e+01
1.50000000e+02	1.15476502e+01
1.50000000e+02	1.15476502e+01
1.75000000e+02	1.15030706e+01
2.00000000e+02	1.14658892e+01
2.50000000e+02	1.14126196e+01
2.50000000e+02	1.14126196e+01
3.00000000e+02	1.13786410e+01
3.50000000e+02	1.13562866e+01
4.00000000e+02	1.13409962e+01
4.50000000e+02	1.13301502e+01
5.00000000e+02	1.13222088e+01
5.50000000e+02	1.13162339e+01
6.00000000e+02	1.13116328e+01
6.50000000e+02	1.13080180e+01
7.00000000e+02	1.13051286e+01
7.50000000e+02	1.13027839e+01
2.50000000e+01	1.12697667e+01
5.00000000e+01	1.13812838e+01
5.00000000e+01	1.15164533e+01
7.50000000e+01	1.19018857e+01
1.00000000e+02	1.16437409e+01
1.25000000e+02	1.10390534e+01
1.50000000e+02	1.10587255e+01
1.50000000e+02	1.12231257e+01
1.75000000e+02	1.22287268e+01
2.00000000e+02	1.15312120e+01
2.50000000e+02	1.10484848e+01
2.50000000e+02	1.11477585e+01
3.00000000e+02	1.14124387e+01
3.50000000e+02	1.14220769e+01
4.00000000e+02	1.13156566e+01
4.50000000e+02	1.14664879e+01
5.00000000e+02	1.19282695e+01
5.50000000e+02	1.16615902e+01
6.00000000e+02	1.17012966e+01
6.50000000e+02	1.13928098e+01
7.00000000e+02	1.13795950e+01
7.50000000e+02	1.15178508e+01
2.50000000e+01	1.25075108e+01
5.00000000e+01	1.26171178e+01
5.00000000e+01	1.26171178e+01
7.50000000e+01	1.26249800e+01
1.00000000e+02	1.26276459e+01
1.25000000e+02	1.25999389e+01
1.50000000e+02	1.25552061e+01
1.50000000e+02	1.25552061e+01
1.75000000e+02	1.25095442e+01
2.00000000e+02	1.24686055e+01
2.50000000e+02	1.24072100e+01
2.50000000e+02	1.24072100e+01
3.00000000e+02	1.23668876e+01
3.50000000e+02	1.23400201e+01
4.00000000e+02	1.23215230e+01
4.50000000e+02	1.23083537e+01
5.00000000e+02	1.22986889e+01
5.50000000e+02	1.22914063e+01
6.00000000e+02	1.22857922e+01
6.50000000e+02	1.22813782e+01
7.00000000e+02	1.22778479e+01
7.50000000e+02	1.22749818e+01
