2.50000000e+01	3.57677151e+01
5.00000000e+01	3.48084657e+01
5.00000000e+01	3.51258757e+01
7.50000000e+01	3.45205411e+01
1.00000000e+02	3.16022859e+01
1.25000000e+02	3.37426465e+01
1.50000000e+02	3.44487515e+01
1.50000000e+02	3.45124768e+01
1.75000000e+02	3.07812638e+01
2.00000000e+02	3.00679872e+01
2.50000000e+02	3.35532527e+01
2.50000000e+02	3.36063647e+01
3.00000000e+02	3.31971892e+01
3.50000000e+02	3.11227970e+01
4.00000000e+02	3.06403694e+01
4.50000000e+02	3.35687648e+01
5.00000000e+02	3.25825582e+01
5.50000000e+02	3.21819101e+01
6.00000000e+02	3.14549255e+01
6.50000000e+02	3.01476722e+01
7.00000000e+02	2.90760842e+01
7.50000000e+02	2.87323096e+01
2.50000000e+01	3.22708337e+01
5.00000000e+01	3.18305878e+01
5.00000000e+01	3.18305878e+01
7.50000000e+01	3.13442522e+01
1.00000000e+02	3.08607719e+01
1.25000000e+02	3.04204894e+01
1.50000000e+02	3.00472951e+01
1.50000000e+02	3.00472951e+01
1.75000000e+02	2.97543366e+01
2.00000000e+02	2.95261704e+01
2.50000000e+02	2.92133152e+01
2.50000000e+02	2.92133152e+01
3.00000000e+02	2.90196588e+01
3.50000000e+02	2.88939085e+01
4.00000000e+02	2.88084534e+01
4.50000000e+02	2.87480550e+01
5.00000000e+02	2.87039269e+01
5.50000000e+02	2.86707719e+01
6.00000000e+02	2.86452637e+01
6.50000000e+02	2.86252368e+01
7.00000000e+02	2.86092359e+01
7.50000000e+02	2.85962558e+01
2.50000000e+01	3.10963291e+01
5.00000000e+01	3.10006539e+01
5.00000000e+01	3.13565993e+01
7.50000000e+01	2.97365913e+01
1.00000000e+02	3.13722126e+01
1.25000000e+02	3.09560864e+01
1.50000000e+02	3.01131357e+01
1.50000000e+02	3.07599494e+01
1.75000000e+02	2.94136816e+01
2.00000000e+02	2.96176717e+01
2.50000000e+02	2.93537819e+01
2.50000000e+02	2.94154802e+01
3.00000000e+02	2.88456472e+01
3.50000000e+02	2.95860130e+01
4.00000000e+02	2.97032398e+01
4.50000000e+02	2.98178894e+01
5.00000000e+02	3.02569239e+01
5.50000000e+02	2.94141139e+01
6.00000000e+02	2.85180021e+01
6.50000000e+02	2.79502165e+01
7.00000000e+02	2.78223475e+01
7.50000000e+02	2.72539988e+01
2.50000000e+01	3.50508812e+01
5.00000000e+01	3.47383018e+01
5.00000000e+01	3.47383018e+01
7.50000000e+01	3.42950597e+01
1.00000000e+02	3.38335411e+01
1.25000000e+02	3.33672812e+01
1.50000000e+02	3.29426725e+01
1.50000000e+02	3.29426725e+01
1.75000000e+02	3.25966310e+01
2.00000000e+02	3.23206671e+01
2.50000000e+02	3.19359849e+01
2.50000000e+02	3.19359849e+01
3.00000000e+02	3.16949586e+01
3.50000000e+02	3.15375254e+01
4.00000000e+02	3.14301928e+01
4.50000000e+02	3.13541828e+01
5.00000000e+02	3.12985778e+01
5.50000000e+02	3.12567632e+01
6.00000000e+02	3.12245725e+01
6.50000000e+02	3.11992872e+01
7.00000000e+02	3.11790779e+01
7.50000000e+02	3.11626793e+01
