2.50000000e+01	2.13279157e+01
5.00000000e+01	2.00948643e+01
5.00000000e+01	2.02412420e+01
7.50000000e+01	1.88785693e+01
1.00000000e+02	2.06994269e+01
1.25000000e+02	2.17326900e+01
1.50000000e+02	2.10888024e+01
1.50000000e+02	2.11352936e+01
1.75000000e+02	1.84518985e+01
2.00000000e+02	1.98250913e+01
2.50000000e+02	1.89060235e+01
2.50000000e+02	1.89769791e+01
3.00000000e+02	1.78647892e+01
3.50000000e+02	1.92143787e+01
4.00000000e+02	1.85725652e+01
4.50000000e+02	1.75222830e+01
5.00000000e+02	1.76832397e+01
5.50000000e+02	1.87597106e+01
6.00000000e+02	1.82383028e+01
6.50000000e+02	1.81072615e+01
7.00000000e+02	1.85032578e+01
7.50000000e+02	1.88811196e+01
2.50000000e+01	1.93105865e+01
5.00000000e+01	1.94638664e+01
5.00000000e+01	1.94638664e+01
7.50000000e+01	1.92993671e+01
1.00000000e+02	1.91273152e+01
1.25000000e+02	1.88382325e+01
1.50000000e+02	1.84900060e+01
1.50000000e+02	1.84900060e+01
1.75000000e+02	1.81660284e+01
2.00000000e+02	1.78877948e+01
2.50000000e+02	1.74803034e+01
2.50000000e+02	1.74803034e+01
3.00000000e+02	1.72162094e+01
3.50000000e+02	1.70410174e+01
4.00000000e+02	1.69205956e+01
4.50000000e+02	1.68349053e+01
5.00000000e+02	1.67720270e+01
5.50000000e+02	1.67246458e+01
6.00000000e+02	1.66881166e+01
6.50000000e+02	1.66593930e+01
7.00000000e+02	1.66364172e+01
7.50000000e+02	1.66177622e+01
2.50000000e+01	1.87173297e+01
5.00000000e+01	1.87863627e+01
5.00000000e+01	1.90297047e+01
7.50000000e+01	1.96416302e+01
1.00000000e+02	1.93924815e+01
1.25000000e+02	2.02651107e+01
1.50000000e+02	1.78759487e+01
1.50000000e+02	1.80928955e+01
1.75000000e+02	1.91690512e+01
2.00000000e+02	1.68381217e+01
2.50000000e+02	1.69737619e+01
2.50000000e+02	1.70506350e+01
3.00000000e+02	1.75308086e+01
3.50000000e+02	1.57181006e+01
4.00000000e+02	1.71312733e+01
4.50000000e+02	1.67022020e+01
5.00000000e+02	1.72361215e+01
5.50000000e+02	1.69387397e+01
6.00000000e+02	1.69343635e+01
6.50000000e+02	1.72815590e+01
7.00000000e+02	1.70839655e+01
7.50000000e+02	1.72298037e+01
2.50000000e+01	2.00518712e+01
5.00000000e+01	2.05218174e+01
5.00000000e+01	2.05218174e+01
7.50000000e+01	2.05412618e+01
1.00000000e+02	2.06021743e+01
1.25000000e+02	2.04856808e+01
1.50000000e+02	2.02113803e+01
1.50000000e+02	2.02113803e+01
1.75000000e+02	1.98973489e+01
2.00000000e+02	1.96012364e+01
2.50000000e+02	1.91414323e+01
2.50000000e+02	1.91414323e+01
3.00000000e+02	1.88322593e+01
3.50000000e+02	1.86238063e+01
4.00000000e+02	1.84793067e+01
4.50000000e+02	1.83759754e+01
5.00000000e+02	1.82999158e+01
5.50000000e+02	1.82424814e+01
6.00000000e+02	1.81981359e+01
6.50000000e+02	1.81632282e+01
7.00000000e+02	1.81352828e+01
7.50000000e+02	1.81125783e+01
