2.50000000e+01	2.63376414e+01
5.00000000e+01	2.48058068e+01
5.00000000e+01	2.48265587e+01
7.50000000e+01	2.54893636e+01
1.00000000e+02	2.55901366e+01
1.25000000e+02	2.80553451e+01
1.50000000e+02	2.08329480e+01
1.50000000e+02	2.09129738e+01
1.75000000e+02	2.23526438e+01
2.00000000e+02	2.23420431e+01
2.50000000e+02	2.17614500e+01
2.50000000e+02	2.18546141e+01
3.00000000e+02	1.99148747e+01
3.50000000e+02	1.85537007e+01
4.00000000e+02	1.89815027e+01
4.50000000e+02	1.91803420e+01
5.00000000e+02	1.87774304e+01
5.50000000e+02	1.81829886e+01
6.00000000e+02	1.82233521e+01
6.50000000e+02	1.87842740e+01
7.00000000e+02	1.88010150e+01
7.50000000e+02	1.82540999e+01
2.50000000e+01	2.45542617e+01
5.00000000e+01	2.41104589e+01
5.00000000e+01	2.41104589e+01
7.50000000e+01	2.34100777e+01
1.00000000e+02	2.27113549e+01
1.25000000e+02	2.18898336e+01
1.50000000e+02	2.10532722e+01
1.50000000e+02	2.10532722e+01
1.75000000e+02	2.03276079e+01
2.00000000e+02	1.97277266e+01
2.50000000e+02	1.88679514e+01
2.50000000e+02	1.88679514e+01
3.00000000e+02	1.83178723e+01
3.50000000e+02	1.79545957e+01
4.00000000e+02	1.77053025e+01
4.50000000e+02	1.75280151e+01
5.00000000e+02	1.73979469e+01
5.50000000e+02	1.72999351e+01
6.00000000e+02	1.72243662e+01
6.50000000e+02	1.71649390e+01
7.00000000e+02	1.71173987e+01
7.50000000e+02	1.70787950e+01
2.50000000e+01	2.35002677e+01
5.00000000e+01	2.27728494e+01
5.00000000e+01	2.30689605e+01
7.50000000e+01	2.18172074e+01
1.00000000e+02	2.17246952e+01
1.25000000e+02	2.02773478e+01
1.50000000e+02	1.95360400e+01
1.50000000e+02	1.96243558e+01
1.75000000e+02	1.94041612e+01
2.00000000e+02	1.94882289e+01
2.50000000e+02	1.88185327e+01
2.50000000e+02	1.91037865e+01
3.00000000e+02	1.87938007e+01
3.50000000e+02	1.86963791e+01
4.00000000e+02	1.82553695e+01
4.50000000e+02	1.82474158e+01
5.00000000e+02	1.83084097e+01
5.50000000e+02	1.86320615e+01
6.00000000e+02	1.80846315e+01
6.50000000e+02	1.81159158e+01
7.00000000e+02	1.78970716e+01
7.50000000e+02	1.78684430e+01
2.50000000e+01	2.58116498e+01
5.00000000e+01	2.55400397e+01
5.00000000e+01	2.55400397e+01
7.50000000e+01	2.49911143e+01
1.00000000e+02	2.45510899e+01
1.25000000e+02	2.39091480e+01
1.50000000e+02	2.31074915e+01
1.50000000e+02	2.31074915e+01
1.75000000e+02	2.23368286e+01
2.00000000e+02	2.16629640e+01
2.50000000e+02	2.06588027e+01
2.50000000e+02	2.06588027e+01
3.00000000e+02	1.99988045e+01
3.50000000e+02	1.95572798e+01
4.00000000e+02	1.92521252e+01
4.50000000e+02	1.90341667e+01
5.00000000e+02	1.88738036e+01
5.50000000e+02	1.87527248e+01
6.00000000e+02	1.86592376e+01
6.50000000e+02	1.85856413e+01
7.00000000e+02	1.85267179e+01
7.50000000e+02	1.84788403e+01
