2.50000000e+01	1.83664284e+01
5.00000000e+01	1.81490922e+01
5.00000000e+01	1.82993262e+01
7.50000000e+01	1.84270852e+01
1.00000000e+02	1.64315887e+01
1.25000000e+02	1.66159473e+01
1.50000000e+02	1.78461756e+01
1.50000000e+02	1.78498208e+01
1.75000000e+02	2.02285052e+01
2.00000000e+02	1.87470150e+01
2.50000000e+02	1.84717353e+01
2.50000000e+02	1.85091034e+01
3.00000000e+02	1.76430889e+01
3.50000000e+02	1.70054607e+01
4.00000000e+02	1.62745802e+01
4.50000000e+02	1.66588340e+01
5.00000000e+02	1.64429488e+01
5.50000000e+02	1.60783120e+01
6.00000000e+02	1.58134159e+01
6.50000000e+02	1.59093744e+01
7.00000000e+02	1.63517273e+01
7.50000000e+02	1.60133993e+01
2.50000000e+01	1.71844842e+01
5.00000000e+01	1.74420017e+01
5.00000000e+01	1.74420017e+01
7.50000000e+01	1.73765361e+01
1.00000000e+02	1.73049296e+01
1.25000000e+02	1.71188537e+01
1.50000000e+02	1.68659700e+01
1.50000000e+02	1.68659700e+01
1.75000000e+02	1.66198035e+01
2.00000000e+02	1.64036575e+01
2.50000000e+02	1.60828396e+01
2.50000000e+02	1.60828396e+01
3.00000000e+02	1.58732070e+01
3.50000000e+02	1.57336838e+01
4.00000000e+02	1.56376318e+01
4.50000000e+02	1.55692276e+01
5.00000000e+02	1.55190107e+01
5.50000000e+02	1.54811598e+01
6.00000000e+02	1.54519730e+01
6.50000000e+02	1.54290200e+01
7.00000000e+02	1.54106586e+01
7.50000000e+02	1.53957493e+01
2.50000000e+01	1.70084461e+01
5.00000000e+01	1.71574070e+01
5.00000000e+01	1.72507225e+01
7.50000000e+01	1.68844670e+01
1.00000000e+02	1.67470566e+01
1.25000000e+02	1.76307647e+01
1.50000000e+02	1.68879004e+01
1.50000000e+02	1.70110907e+01
1.75000000e+02	1.68000347e+01
2.00000000e+02	1.53591299e+01
2.50000000e+02	1.59229986e+01
2.50000000e+02	1.62010539e+01
3.00000000e+02	1.62654867e+01
3.50000000e+02	1.60287529e+01
4.00000000e+02	1.60289166e+01
4.50000000e+02	1.53544766e+01
5.00000000e+02	1.58018954e+01
5.50000000e+02	1.58212611e+01
6.00000000e+02	1.53550184e+01
6.50000000e+02	1.56380831e+01
7.00000000e+02	1.56780075e+01
7.50000000e+02	1.53294194e+01
2.50000000e+01	1.74814716e+01
5.00000000e+01	1.80581773e+01
5.00000000e+01	1.80581773e+01
7.50000000e+01	1.81685820e+01
1.00000000e+02	1.83125184e+01
1.25000000e+02	1.82926841e+01
1.50000000e+02	1.81201997e+01
1.50000000e+02	1.81201997e+01
1.75000000e+02	1.78942748e+01
2.00000000e+02	1.76709292e+01
2.50000000e+02	1.73151054e+01
2.50000000e+02	1.73151054e+01
3.00000000e+02	1.70724258e+01
3.50000000e+02	1.69079144e+01
4.00000000e+02	1.67935930e+01
4.50000000e+02	1.67117380e+01
5.00000000e+02	1.66514433e+01
5.50000000e+02	1.66058935e+01
6.00000000e+02	1.65707145e+01
6.50000000e+02	1.65430172e+01
7.00000000e+02	1.65208411e+01
7.50000000e+02	1.65028224e+01
