2.50000000e+01	1.51083748e+01
5.00000000e+01	1.56647849e+01
5.00000000e+01	1.58652695e+01
7.50000000e+01	1.43302149e+01
1.00000000e+02	1.46558097e+01
1.25000000e+02	1.36926650e+01
1.50000000e+02	1.38576980e+01
1.50000000e+02	1.39171220e+01
1.75000000e+02	1.56725993e+01
2.00000000e+02	1.46641448e+01
2.50000000e+02	1.39790800e+01
2.50000000e+02	1.40549307e+01
3.00000000e+02	1.38122207e+01
3.50000000e+02	1.38396684e+01
4.00000000e+02	1.38661663e+01
4.50000000e+02	1.34608088e+01
5.00000000e+02	1.33716534e+01
5.50000000e+02	1.38269165e+01
6.00000000e+02	1.37812289e+01
6.50000000e+02	1.35469613e+01
7.00000000e+02	1.35169495e+01
7.50000000e+02	1.38456999e+01
2.50000000e+01	1.50735650e+01
5.00000000e+01	1.47932928e+01
5.00000000e+01	1.47932928e+01
7.50000000e+01	1.45478330e+01
1.00000000e+02	1.43458665e+01
1.25000000e+02	1.41931537e+01
1.50000000e+02	1.40807664e+01
1.50000000e+02	1.40807664e+01
1.75000000e+02	1.39986426e+01
2.00000000e+02	1.39378956e+01
2.50000000e+02	1.38574891e+01
2.50000000e+02	1.38574891e+01
3.00000000e+02	1.38090781e+01
3.50000000e+02	1.37780727e+01
4.00000000e+02	1.37571644e+01
4.50000000e+02	1.37424560e+01
5.00000000e+02	1.37317427e+01
5.50000000e+02	1.37237105e+01
6.00000000e+02	1.37175402e+01
6.50000000e+02	1.37127013e+01
7.00000000e+02	1.37088384e+01
7.50000000e+02	1.37057070e+01
2.50000000e+01	1.43038120e+01
5.00000000e+01	1.43124871e+01
5.00000000e+01	1.43714548e+01
7.50000000e+01	1.52055523e+01
1.00000000e+02	1.39473979e+01
1.25000000e+02	1.41816723e+01
1.50000000e+02	1.37091646e+01
1.50000000e+02	1.38479601e+01
1.75000000e+02	1.37089977e+01
2.00000000e+02	1.36913720e+01
2.50000000e+02	1.42001408e+01
2.50000000e+02	1.42604816e+01
3.00000000e+02	1.43019833e+01
3.50000000e+02	1.40708846e+01
4.00000000e+02	1.37825121e+01
4.50000000e+02	1.37365413e+01
5.00000000e+02	1.37609376e+01
5.50000000e+02	1.39252599e+01
6.00000000e+02	1.39057401e+01
6.50000000e+02	1.38537002e+01
7.00000000e+02	1.38182484e+01
7.50000000e+02	1.39589673e+01
2.50000000e+01	1.54977830e+01
5.00000000e+01	1.51480041e+01
5.00000000e+01	1.51480041e+01
7.50000000e+01	1.48397778e+01
1.00000000e+02	1.45831893e+01
1.25000000e+02	1.43877196e+01
1.50000000e+02	1.42430031e+01
1.50000000e+02	1.42430031e+01
1.75000000e+02	1.41369457e+01
2.00000000e+02	1.40583136e+01
2.50000000e+02	1.39540682e+01
2.50000000e+02	1.39540682e+01
3.00000000e+02	1.38912213e+01
3.50000000e+02	1.38509428e+01
4.00000000e+02	1.38237703e+01
4.50000000e+02	1.38046506e+01
5.00000000e+02	1.37907220e+01
5.50000000e+02	1.37802778e+01
6.00000000e+02	1.37722540e+01
6.50000000e+02	1.37659611e+01
7.00000000e+02	1.37609374e+01
7.50000000e+02	1.37568647e+01
