2.50000000e+01	1.41853451e+01
5.00000000e+01	1.47166904e+01
5.00000000e+01	1.49128444e+01
7.50000000e+01	1.37321383e+01
1.00000000e+02	1.40040134e+01
1.25000000e+02	1.41211727e+01
1.50000000e+02	1.47709810e+01
1.50000000e+02	1.48150670e+01
1.75000000e+02	1.44271707e+01
2.00000000e+02	1.40617427e+01
2.50000000e+02	1.39014579e+01
2.50000000e+02	1.39169303e+01
3.00000000e+02	1.40666903e+01
3.50000000e+02	1.44763304e+01
4.00000000e+02	1.37594798e+01
4.50000000e+02	1.38119306e+01
5.00000000e+02	1.42672131e+01
5.50000000e+02	1.45247509e+01
6.00000000e+02	1.41202660e+01
6.50000000e+02	1.40117412e+01
7.00000000e+02	1.43397837e+01
7.50000000e+02	1.46522332e+01
2.50000000e+01	1.37780259e+01
5.00000000e+01	1.37477764e+01
5.00000000e+01	1.37477764e+01
7.50000000e+01	1.37216678e+01
1.00000000e+02	1.37009556e+01
1.25000000e+02	1.36856313e+01
1.50000000e+02	1.36745571e+01
1.50000000e+02	1.36745571e+01
1.75000000e+02	1.36665349e+01
2.00000000e+02	1.36606430e+01
2.50000000e+02	1.36528817e+01
2.50000000e+02	1.36528817e+01
3.00000000e+02	1.36482277e+01
3.50000000e+02	1.36452533e+01
4.00000000e+02	1.36432499e+01
4.50000000e+02	1.36418416e+01
5.00000000e+02	1.36408164e+01
5.50000000e+02	1.36400480e+01
6.00000000e+02	1.36394579e+01
6.50000000e+02	1.36389952e+01
7.00000000e+02	1.36386259e+01
7.50000000e+02	1.36383265e+01
2.50000000e+01	1.34516817e+01
5.00000000e+01	1.35474483e+01
5.00000000e+01	1.35706727e+01
7.50000000e+01	1.30168939e+01
1.00000000e+02	1.33044577e+01
1.25000000e+02	1.42744437e+01
1.50000000e+02	1.38299836e+01
1.50000000e+02	1.38350329e+01
1.75000000e+02	1.39377642e+01
2.00000000e+02	1.39100439e+01
2.50000000e+02	1.41096862e+01
2.50000000e+02	1.41341704e+01
3.00000000e+02	1.38638848e+01
3.50000000e+02	1.32152461e+01
4.00000000e+02	1.36169829e+01
4.50000000e+02	1.33853385e+01
5.00000000e+02	1.37279688e+01
5.50000000e+02	1.35174614e+01
6.00000000e+02	1.36233782e+01
6.50000000e+02	1.36443977e+01
7.00000000e+02	1.36183273e+01
7.50000000e+02	1.36776312e+01
2.50000000e+01	1.43905449e+01
5.00000000e+01	1.43510963e+01
5.00000000e+01	1.43510963e+01
7.50000000e+01	1.43170320e+01
1.00000000e+02	1.42899973e+01
1.25000000e+02	1.42699907e+01
1.50000000e+02	1.42555307e+01
1.50000000e+02	1.42555307e+01
1.75000000e+02	1.42450553e+01
2.00000000e+02	1.42373610e+01
2.50000000e+02	1.42272252e+01
2.50000000e+02	1.42272252e+01
3.00000000e+02	1.42211471e+01
3.50000000e+02	1.42172623e+01
4.00000000e+02	1.42146458e+01
4.50000000e+02	1.42128065e+01
5.00000000e+02	1.42114675e+01
5.50000000e+02	1.42104639e+01
6.00000000e+02	1.42096932e+01
6.50000000e+02	1.42090889e+01
7.00000000e+02	1.42086065e+01
7.50000000e+02	1.42082155e+01
