2.50000000e+01	7.09307760e+00
5.00000000e+01	6.96102545e+00
5.00000000e+01	7.14730062e+00
7.50000000e+01	6.77108489e+00
1.00000000e+02	6.60385963e+00
1.25000000e+02	6.79221266e+00
1.50000000e+02	6.61278806e+00
1.50000000e+02	6.70166725e+00
1.75000000e+02	7.32568201e+00
2.00000000e+02	6.95292732e+00
2.50000000e+02	6.57024132e+00
2.50000000e+02	6.57568987e+00
3.00000000e+02	6.29688375e+00
3.50000000e+02	6.34238624e+00
4.00000000e+02	6.61556644e+00
4.50000000e+02	6.70995001e+00
5.00000000e+02	6.61168010e+00
5.50000000e+02	6.44881619e+00
6.00000000e+02	6.60643863e+00
6.50000000e+02	6.76672504e+00
7.00000000e+02	6.75566241e+00
7.50000000e+02	6.63626518e+00
2.50000000e+01	7.74800283e+00
5.00000000e+01	7.66728536e+00
5.00000000e+01	7.66728536e+00
7.50000000e+01	7.59743797e+00
1.00000000e+02	7.54190436e+00
1.25000000e+02	7.50076735e+00
1.50000000e+02	7.47101896e+00
1.50000000e+02	7.47101896e+00
1.75000000e+02	7.44946063e+00
2.00000000e+02	7.43362268e+00
2.50000000e+02	7.41275475e+00
2.50000000e+02	7.41275475e+00
3.00000000e+02	7.40023880e+00
3.50000000e+02	7.39223867e+00
4.00000000e+02	7.38684991e+00
4.50000000e+02	7.38306174e+00
5.00000000e+02	7.38030381e+00
5.50000000e+02	7.37823673e+00
6.00000000e+02	7.37664919e+00
6.50000000e+02	7.37540440e+00
7.00000000e+02	7.37441085e+00
7.50000000e+02	7.37360550e+00
2.50000000e+01	7.68963472e+00
5.00000000e+01	7.78070170e+00
5.00000000e+01	7.91875694e+00
7.50000000e+01	6.79806407e+00
1.00000000e+02	7.37807225e+00
1.25000000e+02	7.93153298e+00
1.50000000e+02	7.52839269e+00
1.50000000e+02	7.57953415e+00
1.75000000e+02	7.18923236e+00
2.00000000e+02	7.86478129e+00
2.50000000e+02	7.15015008e+00
2.50000000e+02	7.28992479e+00
3.00000000e+02	7.42827217e+00
3.50000000e+02	7.48995696e+00
4.00000000e+02	7.44299795e+00
4.50000000e+02	7.43772302e+00
5.00000000e+02	7.38769368e+00
5.50000000e+02	7.41234077e+00
6.00000000e+02	7.34428853e+00
6.50000000e+02	7.39556901e+00
7.00000000e+02	7.34991148e+00
7.50000000e+02	7.42816911e+00
2.50000000e+01	7.09276762e+00
5.00000000e+01	6.98776983e+00
5.00000000e+01	6.98776983e+00
7.50000000e+01	6.89679804e+00
1.00000000e+02	6.82438967e+00
1.25000000e+02	6.77072037e+00
1.50000000e+02	6.73189608e+00
1.50000000e+02	6.73189608e+00
1.75000000e+02	6.70375482e+00
2.00000000e+02	6.68307791e+00
2.50000000e+02	6.65583095e+00
2.50000000e+02	6.65583095e+00
3.00000000e+02	6.63948738e+00
3.50000000e+02	6.62904002e+00
4.00000000e+02	6.62200257e+00
4.50000000e+02	6.61705528e+00
5.00000000e+02	6.61345341e+00
5.50000000e+02	6.61075375e+00
6.00000000e+02	6.60868036e+00
6.50000000e+02	6.60705461e+00
7.00000000e+02	6.60575698e+00
7.50000000e+02	6.60470513e+00
