2.50000000e+01	6.15486348e+00
5.00000000e+01	5.77002835e+00
5.00000000e+01	5.92825827e+00
7.50000000e+01	5.33005423e+00
1.00000000e+02	5.21765482e+00
1.25000000e+02	5.95290586e+00
1.50000000e+02	5.45877324e+00
1.50000000e+02	5.51370589e+00
1.75000000e+02	5.36943341e+00
2.00000000e+02	5.13007998e+00
2.50000000e+02	4.95301586e+00
2.50000000e+02	4.98469592e+00
3.00000000e+02	5.14704214e+00
3.50000000e+02	5.19431709e+00
4.00000000e+02	5.13836727e+00
4.50000000e+02	4.92479121e+00
5.00000000e+02	4.81498921e+00
5.50000000e+02	5.11269260e+00
6.00000000e+02	5.29601559e+00
6.50000000e+02	5.29159908e+00
7.00000000e+02	5.26639938e+00
7.50000000e+02	5.29291867e+00
2.50000000e+01	6.80454172e+00
5.00000000e+01	6.65249791e+00
5.00000000e+01	6.65249791e+00
7.50000000e+01	6.52043981e+00
1.00000000e+02	6.41511228e+00
1.25000000e+02	6.33695549e+00
1.50000000e+02	6.28038255e+00
1.50000000e+02	6.28038255e+00
1.75000000e+02	6.23936105e+00
2.00000000e+02	6.20921306e+00
2.50000000e+02	6.16947679e+00
2.50000000e+02	6.16947679e+00
3.00000000e+02	6.14563718e+00
3.50000000e+02	6.13039640e+00
4.00000000e+02	6.12012929e+00
4.50000000e+02	6.11291123e+00
5.00000000e+02	6.10765593e+00
5.50000000e+02	6.10371692e+00
6.00000000e+02	6.10069161e+00
6.50000000e+02	6.09831943e+00
7.00000000e+02	6.09642598e+00
7.50000000e+02	6.09489117e+00
2.50000000e+01	6.82751334e+00
5.00000000e+01	6.57912884e+00
5.00000000e+01	6.66177436e+00
7.50000000e+01	6.59432632e+00
1.00000000e+02	6.47122400e+00
1.25000000e+02	6.28092010e+00
1.50000000e+02	6.17210420e+00
1.50000000e+02	6.24367942e+00
1.75000000e+02	6.49078716e+00
2.00000000e+02	6.25509302e+00
2.50000000e+02	6.08083244e+00
2.50000000e+02	6.09673051e+00
3.00000000e+02	6.27666186e+00
3.50000000e+02	6.05922413e+00
4.00000000e+02	6.04139226e+00
4.50000000e+02	5.95452477e+00
5.00000000e+02	6.07977068e+00
5.50000000e+02	6.20155419e+00
6.00000000e+02	6.08215830e+00
6.50000000e+02	6.11167683e+00
7.00000000e+02	6.13465356e+00
7.50000000e+02	6.15003381e+00
2.50000000e+01	6.02947868e+00
5.00000000e+01	5.83241398e+00
5.00000000e+01	5.83241398e+00
7.50000000e+01	5.66084355e+00
1.00000000e+02	5.52371706e+00
1.25000000e+02	5.42184894e+00
1.50000000e+02	5.34806627e+00
1.50000000e+02	5.34806627e+00
1.75000000e+02	5.29454544e+00
2.00000000e+02	5.25520150e+00
2.50000000e+02	5.20333290e+00
2.50000000e+02	5.20333290e+00
3.00000000e+02	5.17220857e+00
3.50000000e+02	5.15230835e+00
4.00000000e+02	5.13890141e+00
4.50000000e+02	5.12947549e+00
5.00000000e+02	5.12261246e+00
5.50000000e+02	5.11746828e+00
6.00000000e+02	5.11351728e+00
6.50000000e+02	5.11041920e+00
7.00000000e+02	5.10794633e+00
7.50000000e+02	5.10594183e+00
